44.423091625241206
24.16357751584173
16.023605812914255
10.6712372554455
7.109142071772534
4.736735547879715
3.156276632655423
2.103260162544638
1.401607363789105
0.9340522825065951
0.6224791757181102
0.41484464299886903
0.27647244901103735
0.18425656665623263
0.12279992048028933
0.08184207056649888
0.0545453930399606
0.0363531549782203
0.02422860407747024
0.016147923038661787
0.010762340345290363
0.007172959189288515
0.0047806992679450145
0.0031862935133428385
0.002123641985841606
0.0014153957624467755
0.000943355641795117
0.0006287440695597436
0.00041905706838651745
0.00027930145150676863
0.00018615465926091944
0.00012407242548381222
8.269461523820984e-05
5.5116260473935104e-05
3.673523082045459e-05
2.4484220567896177e-05
1.6318876007707026e-05
1.0876636688620261e-05
7.249355454499429e-06
4.83175090212258e-06
3.220401529123829e-06
2.1464255895362793e-06
1.4306123064474848e-06
9.535168330149046e-07
6.355285186037964e-07
4.235863725985949e-07
2.823248837478099e-07
1.8817267779154725e-07
1.2541924714463041e-07
8.359340556762321e-08
5.571601435119401e-08
3.713541217071645e-08
2.4751221194763267e-08
1.649700780557753e-08
1.099547224475264e-08
7.328628971599074e-09
4.884630705231501e-09
3.255673797265721e-09
2.1699521776743798e-09
1.4463039626280694e-09
9.639823845846563e-10
