Gauss_seidel method for N: 1299 and matrix C;	iters: 1000;	time: 3.82158
3.3999922773782094e+249
6.6433937134539676e+249
1.1617765698927462e+250
1.7976490939568073e+250
2.64411383159214e+250
3.741657568218117e+250
5.161470326382852e+250
6.98269143974206e+250
9.306878958720617e+250
1.2257601390854435e+251
1.598763009110214e+251
2.0684387297979615e+251
2.6577955800019066e+251
3.395018677588224e+251
4.314598384339774e+251
5.458684673710582e+251
6.87872924555193e+251
8.637467437110585e+251
1.0811311816552467e+252
1.3493239620758848e+252
1.6796274227368624e+252
2.085767993887541e+252
2.5844013202642463e+252
3.1957201411626307e+252
3.944185406059749e+252
4.859405106659188e+252
5.977190083232955e+252
7.340821755283958e+252
9.002573508898404e+252
1.1025535550316433e+253
1.3485802651155588e+253
1.6475095653989708e+253
2.010390121986843e+253
2.4505230487207787e+253
2.9839116554369235e+253
3.6297993564509526e+253
4.411312733355999e+253
5.3562299716285935e+253
6.497898719252829e+253
7.87633195888509e+253
9.539515874539639e+253
1.1544970084824945e+254
1.3961608191031082e+254
1.687195556671624e+254
2.0374791951886044e+254
2.4588299011570987e+254
2.965380793211416e+254
3.5740259779331584e+254
4.304951222681944e+254
5.182265096468622e+254
6.234749330789727e+254
7.49675060510402e+254
9.009240041886547e+254
1.0821071516542135e+255
1.299047558045402e+255
1.558683251708964e+255
1.8692775984937721e+255
2.240668806301632e+255
2.6845657558665612e+255
3.2148986461810692e+255
3.848234478566613e+255
4.604269213317004e+255
5.506410565550797e+255
6.582467919258599e+255
7.865468797290516e+255
9.394624808566965e+255
1.1216474094077031e+256
1.3386232118143175e+256
1.5969388327521082e+256
1.9043592876549134e+256
2.2700885465706654e+256
2.705032756744293e+256
3.222111015586019e+256
3.8366221795574366e+256
4.566677690751554e+256
5.433712159921732e+256
6.463085507335955e+256
7.684792883650186e+256
9.134301433493085e+256
1.0853536296551809e+257
1.2892042148745477e+257
1.5308351167892287e+257
1.817159367904127e+257
2.1563394028644613e+257
2.558010161088404e+257
3.033541560698591e+257
3.596347211325086e+257
4.262247417560426e+257
5.049895910932566e+257
5.981281370248941e+257
7.082316687748981e+257
8.38353115798187e+257
9.920883361689236e+257
1.1736715551160085e+258
1.388087388989883e+258
1.6412023043494696e+258
1.9399188459897205e+258
2.2923565331893334e+258
2.7080639837535047e+258
3.1982675962855784e+258
3.776163020850491e+258
4.457256698095376e+258
5.259765971754191e+258
6.205087708114074e+258
7.318347021989523e+258
8.62903965101864e+258
1.0171783783977624e+259
1.1987199786968138e+259
1.4122939344956027e+259
1.6634889116310582e+259
1.958857816726457e+259
2.3060823307444706e+259
2.7141652098090844e+259
3.19365498804489e+259
3.7569084822962154e+259
4.418397388617616e+259
5.1950662955394936e+259
6.106750642695868e+259
7.176664552571827e+259
8.431970089317481e+259
9.90444138821011e+259
1.1631239294632647e+260
1.3655814701267318e+260
1.6028961733204012e+260
1.881004536840301e+260
2.206843207133944e+260
2.5885156648552207e+260
3.03548639078951e+260
3.558806993617257e+260
4.1713795038603274e+260
4.888262876554781e+260
5.727029716910692e+260
6.70818136948687e+260
7.855630816534713e+260
9.197264343240327e+260
1.0765594679069022e+261
1.2598520352774341e+261
1.4740208347161182e+261
1.724211985836643e+261
2.0164202110931886e+261
2.3576272820875335e+261
2.755962811114267e+261
3.220890955587949e+261
3.763427166412103e+261
4.396389762765312e+261
5.134691868785993e+261
5.995680117902144e+261
6.999527536131711e+261
8.169689177378789e+261
9.533430425538918e+261
1.1122439427709795e+262
1.2973536911772593e+262
1.5129498706665125e+262
1.764000866694414e+262
2.0562762453218856e+262
2.396474579252595e+262
2.7923714501894315e+262
3.252990777804379e+262
3.788803112127511e+262
4.411955086975173e+262
5.136534878375597e+262
5.9788792567082165e+262
6.957928679269338e+262
8.095637858235581e+262
9.417450377072186e+262
1.0952847238781891e+263
1.2735980737795514e+263
1.4806406783366206e+263
1.7209930800016827e+263
1.999958462888683e+263
2.3236754497455313e+263
2.6992483165383203e+263
3.134897284995493e+263
3.640131955327181e+263
4.2259514032295927e+263
4.905074996071107e+263
5.69220859299435e+263
6.60435149419638e+263
7.661150309200471e+263
8.885306837778887e+263
1.030304811781319e+264
1.1944668011807433e+264
1.38451511009168e+264
1.6044891258446872e+264
1.8590519113826827e+264
2.1535854727395567e+264
2.49430042152323e+264
2.8883621836620584e+264
3.344036223590406e+264
3.8708551174170776e+264
4.4798107261480115e+264
5.183575198388613e+264
5.996755079890478e+264
6.936183434837697e+264
8.0212556023167115e+264
9.27431503402981e+264
1.0721096600893067e+265
1.2391235833709896e+265
1.4318853796038257e+265
1.654322869781691e+265
1.9109566971546737e+265
2.206988837765171e+265
2.5484041814932313e+265
2.9420870923238986e+265
3.395955132134952e+265
3.91911244722144e+265
4.522025676571839e+265
5.216725651910519e+265
6.017038628923189e+265
6.938851325087472e+265
8.000414651478728e+265
9.222691724444673e+265
1.0629756540245155e+266
1.224925060541087e+266
1.4112905853362775e+266
1.6257143361586048e+266
1.8723758733655703e+266
2.15607065497364e+266
2.4822998044061998e+266
2.8573728168166456e+266
3.2885250478189843e+266
3.784052088195113e+266
4.3534634240443697e+266
5.00765811887082e+266
5.759125637916589e+266
6.622175372061464e+266
7.613198916105144e+266
8.7509697224994e+266
1.0056985395990829e+267
1.1555858627824136e+267
1.327576360222939e+267
1.5248945656587689e+267
1.7512303055492712e+267
2.0108050965540426e+267
2.30844791120861e+267
2.649681618408102e+267
3.0408215854139885e+267
3.4890881327318387e+267
4.002734765669732e+267
4.59119437041585e+267
5.265245862303945e+267
6.037204114361984e+267
6.921136380691331e+267
7.933108867847559e+267
9.091467605145975e+267
1.0417158329567386e+268
1.1934090741600237e+268
1.3669553215000226e+268
1.5654684867475346e+268
1.79250128336018e+268
2.0521063640417283e+268
2.3489058786597607e+268
2.688170598652071e+268
3.0759099081902645e+268
3.518974136982869e+268
4.02517090737599e+268
4.6033973923808956e+268
5.263790634851038e+268
6.017898365114383e+268
6.87887307930754e+268
7.86169250838556e+268
8.983410023857846e+268
1.0263438997003582e+269
1.1723875660729692e+269
1.3389865625338348e+269
1.5290019880275752e+269
1.745688688359647e+269
1.9927488210846717e+269
2.2743926218252382e+269
2.5954073286037066e+269
2.961235346278098e+269
3.3780628749426424e+269
3.852920386263693e+269
4.3937965125146775e+269
5.009767117186942e+269
5.711141546455953e+269
6.509628320816607e+269
7.418522819628959e+269
8.452919842369166e+269
9.629954303821991e+269
1.0969073741637522e+270
1.2492346789630604e+270
1.4224812305701446e+270
1.6194874446917075e+270
1.8434749664677653e+270
2.0980972359623236e+270
2.3874966799828584e+270
2.716369387903776e+270
3.090038238785429e+270
3.514535570525861e+270
3.9966966207787125e+270
4.544265125850763e+270
5.166012639926347e+270
5.871873335189147e+270
6.673096266457972e+270
7.5824173348891945e+270
8.61425346756532e+270
9.784921847246142e+270
1.1112887383534609e+271
1.2619042018057044e+271
1.4327019907418424e+271
1.6263553034766727e+271
1.845887237062248e+271
2.0947160343859553e+271
2.37670611029439e+271
2.6962255855361054e+271
3.058211148035833e+271
3.46824116287512e+271
3.9326180667094734e+271
4.45846121071131e+271
5.053811460182749e+271
5.727749020625523e+271
6.490526141404926e+271
7.353716551570312e+271
8.330383710546435e+271
9.435270212251833e+271
1.0685010968046849e+272
1.2098373115469788e+272
1.369652596012711e+272
1.5503344661991177e+272
1.7545751829899454e+272
1.9854101695021327e+272
2.246261210191836e+272
2.5409850191780907e+272
2.8739278364530795e+272
3.249986790372552e+272
3.674678854062072e+272
4.154218323254604e+272
4.6956038548425977e+272
5.3067162304781024e+272
5.996428149443652e+272
6.774727511480561e+272
7.652855825235779e+272
8.643463573632135e+272
9.760784586186597e+272
1.1020831712779702e+273
1.2441616366606893e+273
1.4043394809351217e+273
1.5848944392719255e+273
1.7883873351514288e+273
2.0176968168989092e+273
2.276058301045569e+273
2.567107625174346e+273
2.8949299721449164e+273
3.2641146937092663e+273
3.679816735315736e+273
4.1478254462323323e+273
4.674641650974524e+273
5.267563960483935e+273
5.93478541577889e+273
6.685501684227833e+273
7.530032170674288e+273
8.479955564026056e+273
9.548261516455629e+273
1.0749520349092378e+274
1.2100072897296883e+274
1.3618242852823322e+274
1.5324574232207312e+274
1.724209690368442e+274
1.9396623442314663e+274
2.181708095860836e+274
2.4535881964089835e+274
2.7589338802639425e+274
3.1018126694381587e+274
3.486780101517655e+274
3.918937507590088e+274
4.40399653788536e+274
4.948351212176614e+274
5.559158360186276e+274
6.2444274153008294e+274
7.013120633905198e+274
7.875264933806594e+274
8.842076679862172e+274
9.926100894532943e+274
1.114136653729513e+275
1.2503559681463488e+275
1.40302166220271e+275
1.5740939175791527e+275
1.7657634687923713e+275
1.9804783539634267e+275
2.220973726322217e+275
2.4903050716388596e+275
2.791885215129364e+275
3.1295255439369063e+275
3.507481918493224e+275
3.930505798417127e+275
4.4039011666616275e+275
4.933587899989041e+275
5.526172305210183e+275
6.189025619716325e+275
6.930371362486094e+275
7.759382518875921e+275
8.686289650109254e+275
9.722501137579335e+275
1.0880736904101801e+276
1.217517710045354e+276
1.3621627407411724e+276
1.5237702782715001e+276
1.7043031680733645e+276
1.9059482992170725e+276
2.1311418194045505e+276
2.382597146898503e+276
2.6633360850175024e+276
2.9767233777180563e+276
3.326505081152911e+276
3.7168511663081117e+276
4.1524028122793995e+276
4.638324898892123e+276
5.180364261683537e+276
5.784914332287382e+276
6.459086853577367e+276
7.210791432188173e+276
8.048823771954922e+276
8.982963521182368e+276
1.0024082765340591e+277
1.1184266305739087e+277
1.2476944985006953e+277
1.3917043452959341e+277
1.5521143912932197e+277
1.730766755031823e+277
1.929707552337708e+277
2.1512091593115416e+277
2.3977948686000706e+277
2.672266192253344e+277
2.9777330908508476e+277
3.3176474376620698e+277
3.695840058663397e+277
4.1165617245623345e+277
4.584528509910268e+277
5.104971977276935e+277
5.6836946917097956e+277
6.327131622744458e+277
7.042418048546185e+277
7.837464639871529e+277
8.721040471019277e+277
9.702864781422792e+277
1.0793708395715058e+278
1.2005505802734063e+278
1.3351478995864026e+278
1.4846274289243232e+278
1.6506113447715466e+278
1.8348960604060418e+278
2.0394706586216182e+278
2.2665372441226615e+278
2.5185334122959115e+278
2.798157050883264e+278
3.108393712861372e+278
3.4525468227687436e+278
3.834271005018059e+278
4.257608851619475e+278
4.727031478470382e+278
5.2474832542128846e+278
5.824431123922606e+278
6.463918991900141e+278
7.17262767394952e+278
7.957940980140175e+278
8.828018544591059e+278
9.791876079759069e+278
1.0859473799574328e+279
1.2041813829106e+279
1.3351047498880668e+279
1.4800593510184697e+279
1.6405268054399604e+279
1.8181428075449976e+279
2.0147128980667292e+279
2.2322298232751363e+279
2.472892639509441e+279
2.739127735566859e+279
3.033611962221857e+279
3.3592980765015697e+279
3.719442728441247e+279
4.117637240051691e+279
4.5578414503266e+279
5.044420926495836e+279
5.582187870602811e+279
6.176446082081888e+279
6.833040371586933e+279
7.558410859150422e+279
8.35965263113367e+279
9.244581275690122e+279
1.0221804865961915e+280
1.1300803014354052e+280
1.2492013680404104e+280
1.3806928479450614e+280
1.5258197310003069e+280
1.6859743194979072e+280
1.8626888316397102e+280
2.0576492315346398e+280
2.2727104029807305e+280
2.509912795293694e+280
2.771500681460555e+280
3.059942182018245e+280
3.3779512223820828e+280
3.728511606986041e+280
4.114903410663304e+280
4.5407319063198975e+280
5.009959268275463e+280
5.526939312814956e+280
6.096455561677947e+280
6.72376294058731e+280
7.414633453681091e+280
8.175406206071794e+280
9.013042180946103e+280
9.935184214885093e+280
1.095022265570147e+281
1.2067367231351384e+281
1.329672570670374e+281
1.4649389957487833e+281
1.6137530147967557e+281
1.777449776121763e+281
1.957493829874904e+281
2.155491454012975e+281
2.373204133369716e+281
2.6125632977028508e+281
2.8756864341142053e+281
3.16489469961132e+281
3.482732170863231e+281
3.831986880479053e+281
4.215713802490982e+281
4.63725996424583e+281
5.1002918777013203e+281
5.608825500293864e+281
6.167258954210909e+281
6.780408253190888e+281
7.453546308025224e+281
8.192445505899479e+281
9.003424184746615e+281
9.893397352069644e+281
1.0869932028413928e+282
1.194130762903636e+282
1.311658183355219e+282
1.440566243268127e+282
1.581938568392433e+282
1.736960175435852e+282
1.9069267879054832e+282
2.093254991821775e+282
2.297493305538639e+282
2.521334244330178e+282
2.7666274673754107e+282
3.0353941023326633e+282
3.3298423508937385e+282
3.6523844875971097e+282
4.0056553738161464e+282
4.3925326192841407e+282
4.816158534839061e+282
5.279964032339131e+282
5.787694640992952e+282
6.343438823748417e+282
6.951658792983486e+282
7.617224041636073e+282
8.345447824205185e+282
9.142126841864379e+282
1.0013584407373625e+283
1.0966717388689258e+283
1.2009047255295646e+283
1.3148775578470541e+283
1.4394844366113888e+283
1.5757001644596e+283
1.7245872734507577e+283
1.8873037704428686e+283
2.0651115527099724e+283
2.2593855505915743e+283
2.471623658673546e+283
2.703457522087748e+283
2.956664250016987e+283
3.2331791344349103e+283
3.535109458532018e+283
3.864749486216684e+283
4.22459673157439e+283
4.6173696152628746e+283
5.046026623562414e+283
5.513787095239388e+283
6.024153771572009e+283
6.580937255887811e+283
7.188282540836129e+283
7.850697774432746e+283
8.57308544974081e+283
9.360776217970046e+283
1.0219565540869017e+284
1.1155753415643103e+284
1.2176187424350522e+284
1.32883093799147e+284
1.450020586265486e+284
1.5820662964698676e+284
1.725922558492967e+284
1.882626164437673e+284
2.0533031621322216e+284
2.239176383704867e+284
2.4415735957233307e+284
2.6619363210718355e+284
2.9018293866931996e+284
3.1629512555819983e+284
3.4471452060000543e+284
3.7564114258217936e+284
4.092920095230499e+284
4.459025536705266e+284
4.857281517392557e+284
5.290457795577963e+284
5.7615580100976006e+284
6.273839019191653e+284
6.830831803544475e+284
7.436364057119077e+284
8.09458459892419e+284
8.809989749098291e+284
9.587451823709302e+284
1.0432249914507013e+285
1.1350103132587722e+285
1.2347206508601173e+285
1.3430269756817374e+285
1.4606559126148793e+285
1.5883942578170402e+285
1.7270938550380363e+285
1.8776768582487647e+285
2.0411414104496154e+285
2.2185677707880837e+285
2.4111249245329955e+285
2.620077713047715e+285
2.846794523689278e+285
3.092755582548129e+285
3.3595618961483375e+285
3.6489448916662806e+285
3.962776808913165e+285
4.3030819012810203e+285
4.6720485070916436e+285
5.072042057333422e+285
5.505619090643429e+285
5.975542351614459e+285
6.484797054103103e+285
7.03660839721163e+285
7.634460428041034e+285
8.282116352194785e+285
8.983640400384122e+285
9.743421367380087e+285
1.056619794801045e+286
1.1457086003950134e+286
1.2421607904742076e+286
1.346572409685573e+286
1.459586706568868e+286
1.5818977867293079e+286
1.7142545419315304e+286
1.8574648754230888e+286
2.0124002452497087e+286
2.180000548879674e+286
2.361279374117679e+286
2.5573296430666065e+286
2.769329677796631e+286
2.9985497184130365e+286
3.2463589263859734e+286
3.5142329083262337e+286
3.8037617978711116e+286
4.116658935993856e+286
4.454770192880514e+286
4.820083977540947e+286
5.214741984549158e+286
5.641050730755408e+286
6.1014939384930735e+286
6.598745825732384e+286
7.135685367826857e+286
7.715411599974193e+286
8.341260034289442e+286
9.016820270484224e+286
9.745954884582225e+286
1.0532819685900025e+287
1.1381885438707127e+287
1.229796115157431e+287
1.3286219044451791e+287
1.4352221311015827e+287
1.5501948801814197e+287
1.6741831762258898e+287
1.8078782768591742e+287
1.9520232014620937e+287
2.1074165112331758e+287
2.2749163580452015e+287
2.4554448206745415e+287
2.6499925482258317e+287
2.8596237319005103e+287
3.0854814276694946e+287
3.328793253913216e+287
3.5908774896919346e+287
3.8731496010118544e+287
4.177129224264295e+287
4.5044476379429376e+287
4.856855755794955e+287
5.236232676743362e+287
5.644594829238125e+287
6.0841057501609447e+287
6.557086541032232e+287
7.06602704705804e+287
7.613597807519811e+287
8.202662829161231e+287
8.836293237575777e+287
9.517781865157295e+287
1.0250658837957218e+288
1.103870822780869e+288
1.1885985840344512e+288
1.279683821406694e+288
1.3775922910439174e+288
1.482823018007714e+288
1.595910609554393e+288
1.717427724700632e+288
1.8479877103123024e+288
1.988247414601864e+288
2.1389101896077155e+288
2.3007290949588478e+288
2.4745103160023965e+288
2.6611168101929757e+288
2.8614721965135765e+288
3.076564903621344e+288
3.30745259339064e+288
3.555266877563764e+288
3.8212183463198797e+288
4.1066019287386193e+288
4.412802606370415e+288
4.741301502434635e+288
5.093682370553451e+288
5.47163850839831e+288
5.876980123181724e+288
6.311642177574598e+288
6.777692746373826e+288
7.277341916091704e+288
7.812951261593737e+288
8.387043935980519e+288
9.00231541209922e+288
9.661644916387175e+288
1.0368107598201535e+289
1.1124987480382142e+289
1.1935791239537796e+289
1.2804262867446787e+289
1.3734399268030109e+289
1.473046684759897e+289
1.579701915950675e+289
1.6938915667959695e+289
1.8161341699570763e+289
1.9469829655288686e+289
2.087028155961087e+289
2.236899302850687e+289
2.3972678742251786e+289
2.5688499514409675e+289
2.7524091053530165e+289
2.948759451974255e+289
3.1587688984365587e+289
3.383362590691597e+289
3.62352657505102e+289
3.8803116863632623e+289
4.154837676360572e+289
4.448297596486733e+289
4.761962450335499e+289
5.0971861316942295e+289
5.455410665098892e+289
5.838171766768007e+289
6.2471047447968e+289
6.683950758561463e+289
7.1505634584099055e+289
7.648916027902625e+289
8.18110865211846e+289
8.749376436858324e+289
9.35609780496887e+289
1.0003803397471132e+290
1.0695185508720146e+290
1.1433108086444414e+290
1.2220617329222882e+290
1.3060952915756308e+290
1.3957559902183705e+290
1.4914101325688235e+290
1.5934471554734797e+290
1.7022810428489395e+290
1.8183518230293136e+290
1.94212715425074e+290
2.0741040032617182e+290
2.2148104223182844e+290
2.3648074301073507e+290
2.5246910024404336e+290
2.6950941788742395e+290
2.8766892917449165e+290
3.0701903244499563e+290
3.276355406176581e+290
3.495989450658839e+290
3.729946946948374e+290
3.9791349106069825e+290
4.2445160041734215e+290
4.527111836223673e+290
4.828006448833923e+290
5.1483500037700204e+290
5.489362678267352e+290
5.852338781831986e+290
6.238651106088936e+290
6.649755520327796e+290
7.087195826051051e+290
7.552608884517654e+290
8.047730031995273e+290
8.574398798190734e+290
9.134564944120918e+290
9.730294836517747e+290
1.0363778176732308e+291
1.103733510301678e+291
1.1753423686020178e+291
1.251464783833743e+291
1.3323765660002507e+291
1.418369824291788e+291
1.509753895836633e+291
1.6068563252959613e+291
1.7100238979644074e+291
1.819623729170843e+291
1.9360444129126444e+291
2.0596972328019496e+291
2.191017438554426e+291
2.3304655914101651e+291
2.4785289820427877e+291
2.6357231246870175e+291
2.80259333139719e+291
2.979716370539746e+291
3.1677022138220553e+291
3.3671958763683797e+291
3.5788793545716506e+291
3.8034736666775795e+291
4.041741001295736e+291
4.2944869792810714e+291
4.562563034689458e+291
4.846868920782497e+291
5.148355347340734e+291
5.46802675584092e+291
5.806944239362625e+291
6.166228614412913e+291
6.547063652195397e+291
6.950699477202552e+291
7.378456141378055e+291
7.831727382479987e+291
8.31198457567648e+291
8.8207808878235e+291
9.35975564431077e+291
9.930638918816788e+291
1.0535256356788572e+292
1.1175534243956646e+292
1.1853504831711846e+292
1.257131193170854e+292
1.333121679261965e+292
1.4135604272553402e+292
1.4986989321250802e+292
1.5888023786817607e+292
1.6841503562405662e+292
1.7850376088947372e+292
1.8917748230764355e+292
2.0046894541618463e+292
2.124126593955118e+292
2.2504498809667224e+292
2.3840424554861272e+292
2.5253079615363954e+292
2.6746715978896405e+292
2.832581220417271e+292
2.9995084981477824e+292
3.175950125507684e+292
3.3624290933280604e+292
3.5594960213104738e+292
3.7677305547615383e+292
3.9877428285256874e+292
4.22017500117061e+292
4.465702862609693e+292
4.725037518480736e+292
4.998927154740454e+292
5.288158886079901e+292
5.593560691917307e+292
5.916003443881911e+292
6.2564030288656095e+292
6.615722571888623e+292
6.994974763201319e+292
7.39522429422686e+292
7.817590407138863e+292
8.263249563064833e+292
8.733438234110207e+292
9.22945582460935e+292
9.752667727229495e+292
1.0304508519781107e+293
1.0886485308824334e+293
1.1500181226405844e+293
1.2147259086514069e+293
1.2829465208103822e+293
1.3548633411813727e+293
1.4306689197782269e+293
1.5105654112260725e+293
1.5947650311024341e+293
1.6834905327896783e+293
1.7769757057028006e+293
1.8754658957902056e+293
1.9792185492399702e+293
2.0885037803601276e+293
2.2036049646388306e+293
2.324819358028864e+293
2.452458743540905e+293
2.5868501062712904e+293
2.7283363380327486e+293
2.8772769728007833e+293
3.034048954234092e+293
3.1990474365746385e+293
3.372686620281852e+293
3.5554006238058905e+293
3.747644392957068e+293
3.949894649382432e+293
4.162650879716147e+293
4.38643636702784e+293
4.6217992662524326e+293
4.869313725346311e+293
5.1295810539779605e+293
5.403230941626549e+293
5.690922727029345e+293
5.99334672098847e+293
6.3112255846192286e+293
6.645315765196356e+293
6.996408991830864e+293
7.365333833288952e+293
7.752957320345642e+293
8.160186635149533e+293
8.587970870161331e+293
9.037302859317784e+293
9.509221084164239e+293
1.0004811657793434e+294
1.0525210389525451e+294
1.1071604933363776e+294
1.1645237023365652e+294
1.2247404799170986e+294
1.2879465225043406e+294
1.3542836605889502e+294
1.4239001203838072e+294
1.4969507959080195e+294
1.5735975318793528e+294
1.6540094178100133e+294
1.738363093713674e+294
1.826843067844953e+294
1.9196420469062414e+294
2.0169612791708582e+294
2.1190109109859618e+294
2.2260103571335122e+294
2.338188685542837e+294
2.455785016864031e+294
2.5790489394275176e+294
2.708240940131622e+294
2.843632851816978e+294
2.9855083177039964e+294
3.134163273487492e+294
3.289906447700896e+294
3.4530598809812833e+294
3.6239594648857275e+294
3.802955500929274e+294
3.990413280535078e+294
4.1867136866080565e+294
4.392253817464671e+294
4.6074476338732975e+294
4.8327266299819664e+294
5.068540528933175e+294
5.315358003988889e+294
5.573667426012868e+294
5.843977638181999e+294
6.12681875882349e+294
6.422743013300464e+294
6.73232559589484e+294
7.056165562663294e+294
7.394886756269616e+294
7.749138763824915e+294
8.119597908795891e+294
8.506968278070825e+294
8.91198278530286e+294
9.335404271681008e+294
9.778026645310459e+294
1.0240676060415907e+295
1.072421213761419e+295
1.1229529226535928e+295
1.1757557712109809e+295
1.230926536585791e+295
1.2885658743585873e+295
1.3487784630887714e+295
1.411673153792203e+295
1.4773631244953718e+295
1.5459660400193606e+295
1.6176042171507346e+295
1.6924047953604524e+295
1.770499913235938e+295
1.8520268907955573e+295
1.9371284178589385e+295
2.025952748650815e+295
2.1186539028204224e+295
2.215391873062864e+295
2.3163328395333543e+295
2.4216493912497952e+295
2.5315207546837604e+295
2.646133029744678e+295
2.765679433366756e+295
2.8903605509130552e+295
3.020384595616033e+295
3.1559676762788587e+295
3.2973340734668954e+295
3.4447165244238483e+295
3.598356516952303e+295
3.758504592503671e+295
3.925420658727869e+295
4.099374311738524e+295
4.280645168354955e+295
4.46952320858773e+295
4.666309128640263e+295
4.871314704704538e+295
5.084863167834854e+295
5.307289590189286e+295
5.538941282934399e+295
5.780178206114735e+295
6.03137339079458e+295
6.29291337378553e+295
6.565198645279533e+295
6.848644109713224e+295
7.143679560195569e+295
7.450750166837115e+295
7.770316979325449e+295
8.102857444097795e+295
8.44886593646812e+295
8.808854308072509e+295
9.18335245000304e+295
9.572908872006963e+295
9.978091298134397e+295
1.0399487279224456e+296
1.083770482262619e+296
1.1293373039557418e+296
1.1767142810511089e+296
1.2259687469125475e+296
1.2771703504941192e+296
1.3303911285474563e+296
1.3857055798043677e+296
1.4431907411789978e+296
1.5029262660344972e+296
1.5649945045598247e+296
1.6294805863029553e+296
1.6964725049074413e+296
1.7660612050999134e+296
1.838340671976782e+296
1.9134080226390266e+296
1.9913636002246257e+296
2.07231107038881e+296
2.1563575202829565e+296
2.243613560083574e+296
2.3341934271234517e+296
2.4282150926776544e+296
2.525800371457656e+296
2.627075033867503e+296
2.7321689210764833e+296
2.8412160629633577e+296
2.9543547989877816e+296
3.071727902045086e+296
3.1934827053611523e+296
3.3197712324846234e+296
3.450750330434222e+296
3.5865818060594506e+296
3.7274325656734154e+296
3.873474758017012e+296
4.024885920614131e+296
4.181849129578006e+296
4.344553152929215e+296
4.51319260748625e+296
4.6879681193899464e+296
4.869086488323397e+296
5.056760855489338e+296
5.2512108754072406e+296
5.452662891592682e+296
5.661350116181772e+296
5.877512813563673e+296
6.101398488084407e+296
6.333262075885367e+296
6.573366140940017e+296
6.82198107535243e+296
7.079385303981368e+296
7.345865493453607e+296
7.621716765630293e+296
7.907242915590005e+296
8.202756634192182e+296
8.508579735284433e+296
8.825043387617135e+296
9.152488351528495e+296
9.491265220463062e+296
9.841734667386373e+296
1.0204267696158097e+297
1.0579245897925745e+297
1.0967061712600477e+297
1.1368118695476206e+297
1.1782831789052634e+297
1.2211627600122274e+297
1.2654944682180968e+297
1.3113233823220682e+297
1.3586958338962704e+297
1.4076594371588538e+297
1.458263119402501e+297
1.5105571519839184e+297
1.5645931818797768e+297
1.6204242638144616e+297
1.6781048929649002e+297
1.7376910382476012e+297
1.7992401761929447e+297
1.8628113254116097e+297
1.9284650816579186e+297
1.9962636534947185e+297
2.0662708985642876e+297
2.1385523604695882e+297
2.2131753062700423e+297
2.2902087645958208e+297
2.3697235643844844e+297
2.4517923742436058e+297
2.5364897424428348e+297
2.623892137538661e+297
2.7140779896349206e+297
2.807127732281889e+297
2.9031238450165683e+297
3.002150896546567e+297
3.104295588579708e+297
3.20964680030128e+297
3.3182956335005754e+297
3.430335458348107e+297
3.545861959824616e+297
3.664973184802713e+297
3.7877695897817005e+297
3.9143540892758326e+297
4.044832104855957e+297
4.1793116148441794e+297
4.317903204660857e+297
4.4607201178229064e+297
4.6078783075920617e+297
4.7594964892713805e+297
4.915696193147923e+297
5.076601818079168e+297
5.242340685720373e+297
5.41304309538965e+297
5.588842379567202e+297
5.769874960024694e+297
5.956280404580382e+297
6.148201484475139e+297
6.345784232364158e+297
6.549178000918595e+297
6.758535522031046e+297
6.974012966618217e+297
7.195770005013751e+297
7.423969867943649e+297
7.658779408076262e+297
7.900369162138354e+297
8.148913413588181e+297
8.404590255836089e+297
8.66758165600258e+297
8.938073519203267e+297
9.21625575334962e+297
9.502322334453858e+297
9.79647137242578e+297
1.0098905177348804e+298
1.0409830326221882e+298
1.0729457730153397e+298
1.1058002701992583e+298
1.1395685024383415e+298
1.1742729018225303e+298
1.2099363611524356e+298
1.2465822408618353e+298
1.2842343759757965e+298
1.3229170831026097e+298
1.3626551674576714e+298
1.4034739299173714e+298
1.4453991741009956e+298
1.4884572134785777e+298
1.5326748785025714e+298
1.5780795237611587e+298
1.6246990351509294e+298
1.6725618370666163e+298
1.7216968996054901e+298
1.7721337457839668e+298
1.8239024587638988e+298
1.8770336890859626e+298
1.9315586619074908e+298
1.9875091842420186e+298
2.0449176521977595e+298
2.103817058212146e+298
2.164240998279514e+298
2.2262236791689326e+298
2.2897999256291193e+298
2.355005187577313e+298
2.4218755472689025e+298
2.4904477264445525e+298
2.5607590934514894e+298
2.6328476703355535e+298
2.7067521399005488e+298
2.782511852731361e+298
2.860166834177247e+298
2.9397577912916276e+298
3.0213261197246635e+298
3.104913910564818e+298
3.190563957125549e+298
3.27831976167321e+298
3.3682255420921904e+298
3.4603262384832294e+298
3.554667519690821e+298
3.651295789755527e+298
3.750258194286995e+298
3.8516026267533744e+298
3.9553777346828107e+298
4.0616329257726183e+298
4.1704183739016735e+298
4.281785025041538e+298
4.395784603061738e+298
4.512469615424618e+298
4.631893358765081e+298
4.754109924350539e+298
4.879174203416298e+298
5.007141892371604e+298
5.138069497871481e+298
5.272014341749512e+298
5.409034565806609e+298
5.549189136450835e+298
5.6925378491832635e+298
5.839141332924866e+298
5.9890610541793275e+298
6.1423593210267485e+298
6.299099286943052e+298
6.459344954439997e+298
6.623161178520598e+298
6.790613669944758e+298
6.961768998299928e+298
7.136694594871524e+298
7.315458755307893e+298
7.498130642074547e+298
7.684780286692419e+298
7.875478591754863e+298
8.07029733271812e+298
8.269309159459972e+298
8.472587597601326e+298
8.680207049585437e+298
8.892242795509514e+298
9.108770993703468e+298
9.32986868105054e+298
9.55561377304459e+298
9.786085063578844e+298
1.0021362224460895e+299
1.0261525804648785e+299
1.0506657229203006e+299
1.0756838797949302e+299
1.1012153683847093e+299
1.1272685931058439e+299
1.1538520452712372e+299
1.1809743028359411e+299
1.2086440301111024e+299
1.2368699774458622e+299
1.2656609808766494e+299
1.2950259617432771e+299
1.3249739262711873e+299
1.3555139651191241e+299
1.3866552528913807e+299
1.418407047613588e+299
1.45077869017074e+299
1.4837796037057403e+299
1.5174192929761539e+299
1.5517073436659564e+299
1.5866534216477428e+299
1.6222672721889169e+299
1.6585587190924917e+299
1.695537663758887e+299
1.733214084148839e+299
1.7715980336183066e+299
1.8106996395826585e+299
1.8505291019473853e+299
1.8910966912130987e+299
1.9324127461191697e+299
1.9744876706264847e+299
2.0173319299458428e+299
2.0609560451803048e+299
2.1053705859466e+299
2.1505861600419144e+299
2.196613398783264e+299
2.2434629360013227e+299
2.2911453777224717e+299
2.3396712581801506e+299
2.3890509757513084e+299
2.4392946994107185e+299
2.490412231887526e+299
2.542412809238422e+299
2.595304807057958e+299
2.6490953096190666e+299
2.7037894778074744e+299
2.759389621760313e+299
2.8158938401896375e+299
2.873294024023729e+299
2.9315729275622413e+299
2.9906998723875827e+299
3.0506244459266296e+299
3.1112672625999527e+299
3.1725064132789404e+299
3.2341576174025156e+299
3.295945087290015e+299
3.357458979797713e+299
3.418092624635257e+299
3.476951924484411e+299
3.532718587353238e+299
3.583462395778779e+299
3.62632821428611e+299
3.657194599283283e+299
3.669818005113948e+299
3.65566899375207e+299
3.600369701301357e+299
3.4886326123698334e+299
3.2804904182933224e+299
2.971190539902645e+299
2.38972353508852e+299
1.7869713583303886e+299
