Jacobi method for N: 1299 and matrix A;	iters: 109;	time: 0.16101
0.09197090797955712
-0.13146996780452763
0.17920602245870382
-0.1775395226922126
0.15669276640181234
-0.10034758107959937
0.031241388781091867
0.04665651095471287
-0.11415045268372016
0.1627158369831127
-0.18147800587486795
0.16855446890595707
-0.12530304840733747
0.06001905639605827
0.01608717945553331
-0.08923414366460299
0.14658534683169894
-0.17784070712652367
0.17751382469912474
-0.1456182127256756
0.08785182855165183
-0.014463374040348323
-0.0614910488649467
0.12651915447882175
-0.1690578257970755
0.1815495327279116
-0.16177188934671594
0.1132415330772599
-0.04458333791020425
-0.03199885111346276
0.10289372688844224
-0.1555002311772492
0.18046826691121085
-0.17335992784768645
0.13543871164098326
-0.07344467314577921
-0.0016033722967780581
0.07636644220429098
-0.1375561760962575
0.1742967502941153
-0.1800579094100371
0.15381567133128232
-0.10023431550655393
0.028837365554246226
0.04768512307951581
-0.11573208259689345
0.1632088826117996
-0.18167702112212397
0.16785398121672504
-0.12419666246520943
0.05846469410587706
0.017658758481707452
-0.09064355247144386
0.1475174090321188
-0.17817159846790226
0.17715766141997524
-0.14465581431481153
0.08644291864520962
-0.012865703786558474
-0.06299825441950527
0.12766493598638814
-0.1696405185933482
0.1814642843826483
-0.16103468320663283
0.11198286188705026
-0.04302726524432376
-0.03357597488204577
0.10421143892346064
-0.1563244162888683
0.18065237388553784
-0.17287127306346384
0.13436412281626908
-0.0719751636510167
-0.0032066232986790208
0.07781846680730173
-0.13859889668001962
0.17474483135518848
-0.1798317111267705
0.15295539685752252
-0.09889287035966489
0.027253176985638235
0.04923048189593984
-0.11696394060624829
0.16390828987983277
-0.18171966545581186
0.16723228297736975
-0.12302112200917176
0.05694425135426018
0.019253860815206882
-0.09202980174345829
0.14844841401672024
-0.17848188283087724
0.17679207537851757
-0.14367933694214832
0.08502910851701811
-0.01126585077521133
-0.06449979327817112
0.12880127796180948
-0.170209690858175
0.1813651225565313
-0.1602848122606798
0.11071556349039066
-0.041467788350235624
-0.03515044966723056
0.10552106527607451
-0.15713642190694613
0.1808224333158224
-0.1723691600318904
0.13327908263007684
-0.07050005078458943
-0.004809623057081857
0.07926443712022357
-0.1396308315413968
0.17517931520325558
-0.17959151902994144
0.15208322043328243
-0.09754372978883892
0.02566686780664653
0.050772009920483474
-0.11818669709266655
0.1645949427306721
-0.18174816935301175
0.16659757165317143
-0.12183600872189579
0.05541937751886107
0.02084746492190752
-0.09340888976221647
0.14936786756540593
-0.1787782787173286
0.17641273235311988
-0.14269167923554746
0.08360868189268052
-0.009665121117370811
-0.06599631311854313
0.1299275973321165
-0.1707656183434702
0.18125184789675614
-0.1595224688345329
0.1094396498191432
-0.03990508466153071
-0.03672218923825884
0.1068224805613006
-0.1579362000352154
0.18097842214151552
-0.1718536341828309
0.1321836714006599
-0.06901945199298871
-0.006412248557139442
0.08070423951176396
-0.1406519011014719
0.17560016756306263
-0.1793373521114779
0.15119920973151119
-0.09618699890287503
0.02407856137354721
0.05230958714720543
-0.11940025694206938
0.16526878771074843
-0.18176253060994216
0.16594989662467105
-0.12064141482829804
0.05389019125312225
0.022439446793855858
-0.09478070921628552
0.15027569813034652
-0.1790607630640219
0.17601966186174145
-0.1416929180493564
0.08218174930179012
-0.008063639373102241
-0.06748769748977054
0.1310438064533023
-0.17130825779005088
0.1811244692177144
-0.15874771224956452
0.10815522015786681
-0.038339275779196595
-0.03829107129102731
0.1081155835101767
-0.1587236884393536
0.18112032822442656
-0.17132473563166423
0.131077974366879
-0.0675334824882477
-0.008014375091373302
0.08213776194444065
-0.14166202590624266
0.17600735568619988
-0.1790692301492479
0.15030343354104664
-0.09482278327508893
0.02248838127958799
0.05384309393032511
-0.12060452572192161
0.16592977238516146
-0.1817627481090892
0.16528930829036775
-0.11943743328508745
0.052356811549886056
0.02402968255180179
-0.09614515335824064
0.1511718350691737
-0.1793293138895832
0.17561289449096007
-0.14068313110166303
0.08074842178037203
-0.006461530160883451
-0.06897383034054606
0.1321498184681285
-0.17183756697270777
0.18098299643131252
-0.15796060279305976
0.10686237445379457
-0.036770483545845646
-0.03985697374378638
0.10940027350056226
-0.15949882584135575
0.18124814052220667
-0.170782505534359
0.12996207756797998
-0.06604225790031863
-0.009615877991131632
0.08356489286944334
-0.14266112735336717
0.176400847887533
-0.17878717400702387
0.14939596156625196
-0.09345118906121766
0.020896451263814522
0.0553724109408013
-0.12179940972266792
0.1665778453197288
-0.18174882183352842
0.16461585805360276
-0.1182241577794683
0.05081935772830496
0.025618048452368182
-0.09750211601456304
0.15205620864945285
-0.17958391029686804
0.17519246189316962
-0.13966239696851876
0.07930881086206984
-0.004858918148018277
-0.07045459602820667
0.13324554731283939
-0.1723535047035193
0.18082744054618247
-0.1571612017135359
0.10556121330904954
-0.035198830036238235
-0.04141977474664259
0.1106764505649668
-0.16026155192430386
0.18136184908920766
-0.17022698608427123
0.1288360678368979
-0.06454589426807543
-0.01121663263629045
0.08498552123531349
-0.14364912769828048
0.17678061354766889
-0.17849120563285942
0.14847686442159197
-0.0920723229911591
0.019302895201441767
0.056897419175617886
-0.1229848159650247
0.16721295608498862
-0.18172075286692566
0.16392959831855963
-0.11700168272184965
0.04927794942455691
0.027204420897679896
-0.09885149159390197
0.1529287500541089
-0.179824532474588
0.17475839678411617
-0.13863079507782503
0.07786302856946628
-0.0032559280409357504
-0.07192987932773236
0.13433090772385875
-0.17285603083505624
0.18065781366682546
-0.15634957121597642
0.1042518379728167
-0.03362443754778334
-0.042979352691040085
0.11194401539832885
-0.16101180733706025
0.18146144507725592
-0.16965822050886092
0.1277000327935006
-0.0630445080302841
-0.012816514464950815
0.0863995364965859
-0.1446259500602442
0.17714662311533813
-0.17818134805738123
0.14754621362613796
-0.09068629236066686
0.017707837094214668
0.05841799996704389
-0.12416065220721512
0.16783505526012357
-0.18167854339345313
0.16323058248618663
-0.11577010323849901
0.04773270658253581
0.028788676444981433
-0.10019317509529115
0.15378939138678138
-0.18005116169885227
0.17431073294035285
-0.13758840570315203
0.07641118740536638
-0.0016526845754861652
-0.07339956544071242
0.13540581524442477
-0.1733451062635064
0.18047412899266976
-0.15552577445699092
0.10293435033346397
-0.03204742859102226
-0.04453558621922375
0.11320286936574317
-0.16174953369888617
0.18154692073634088
-0.16907625306632876
0.12655406083777024
-0.06153821601654208
-0.014415398983131576
0.08780682862239068
-0.14559151842832893
0.1774988481096946
-0.1778576253919971
0.14660408159800264
-0.08929320502300123
0.01611140106075898
0.059934034991867516
-0.1253268269521472
0.16844409443680652
-0.18162219669761928
0.1625188649500409
-0.11452951516414009
0.04618374944451823
0.030370691816242718
-0.10152706211631927
0.15463806567710803
-0.1802637803346243
0.17384950519661133
-0.13653530995749252
0.07495340034404324
-4.931250723469033e-05
-0.07486354000427832
0.13647018623116192
-0.17382069293171706
0.18027640081704385
-0.15468987553990032
0.10160885291061397
-0.03046792588009546
-0.04608835423368245
0.11445291451013609
-0.16247467360398432
0.18161826941521814
-0.16848112904217177
0.1253982411429249
-0.060027135438187273
-0.01601316177445675
0.08920728810501528
-0.14654575766732902
0.17783726112253156
-0.17752006282701965
0.14565054164870495
-0.08789316938053648
0.014513711326923074
0.06144540628060349
-0.1264832494545333
0.16904002622296727
-0.18155171716401333
0.1617945010920563
-0.11328001503449546
0.04463119854180672
0.03195034390775174
-0.10285304886125435
0.15547470688593562
-0.18046237183709443
0.17337474944309103
-0.13547158978695012
0.07348978082244675
0.0015540633982462568
-0.07632168910000275
0.13752393786058958
-0.17428275383215627
0.18006464452606394
-0.1538419395097485
0.10027544884716666
-0.028886052323193443
-0.04763753590657216
0.11569405355988813
-0.16318717062596613
0.18167548556192697
-0.16787289474565953
0.12423266364847926
-0.05851138387917723
-0.017609678509837
0.09060080596842576
-0.14748859352360916
0.17816183582041456
-0.17716868662970617
0.14468566797746535
-0.08648629437632566
0.012914892216111421
0.06295199622667277
-0.12762982972795145
0.16962280424648063
-0.1814671102769638
0.16105754727823368
-0.11202170007877467
0.04307517468535082
0.033527509799693905
-0.10417103214912019
0.15629924991045901
-0.18064692075296707
0.17288650262266667
-0.13439732796436235
0.0720204427313769
0.003157318375085751
-0.07777389926276425
0.138566988135567
-0.17473125300979295
0.17983887659743678
-0.15298203234824143
0.0989342419012729
-0.027301931012993087
-0.04918301068911833
0.11692618993640262
-0.16388696932224264
0.18171856472422235
-0.16725159750623098
0.12305741905324631
-0.056991079286939514
-0.019204824957144113
0.09198727377674672
-0.1484199526308823
0.1784725469467306
-0.17680352414221462
0.143709535665432
-0.08507268948562317
0.011315068139610298
0.06445368759555399
-0.1287664785518478
0.1701923831587745
-0.18136838262011218
0.16030806085425475
-0.1107546682121085
0.04151579895634615
0.035102066765717005
-0.10548090942172542
0.15711163058928715
-0.18081741272166324
0.17238480272801335
-0.13331260808286016
0.07054550040662096
0.004760327666822826
-0.0792200574895763
0.1395992558916738
-0.17516615556489426
0.1795991145991776
-0.15211022096861226
0.09758533643826105
-0.025715685217078853
-0.05072465832099604
0.11814922776162168
-0.1645740152383383
0.18174750354992142
-0.1666172856698109
0.12187259880827937
-0.055466339963193556
-0.020798476990878195
0.09336658364269915
-0.14933976251591893
0.17876937032365323
-0.176424603779476
0.14272222066983847
-0.08365246470736616
0.009714363586906973
0.06595036353390608
-0.12989310747847904
0.17074871863835903
-0.1812555418759002
0.15954610014101991
-0.10947901802792957
0.03995319269681258
0.036673892282481
-0.10678257875164421
0.15791178570743555
-0.18097383447643822
0.17186968879865014
-0.13221751454936287
0.06906506862005701
0.006362966536114402
-0.08066005124838072
0.14062066080352578
-0.17558742765574184
0.17934537718824284
-0.15122657321041502
0.09622883742251546
-0.02412743836835113
-0.052262358839688224
0.11936307186548623
-0.16524825491212886
0.1817622997871643
-0.16597000859504862
0.12067829510975608
-0.053937284554745224
-0.022390510601826386
0.09473862823599564
-0.15024795160418614
0.17905228285402416
-0.1760319550269834
0.14172379981809302
-0.08222573055561481
0.008112903116002462
0.0674419075786612
-0.13100962883979492
0.1712917673942752
-0.18112859682497234
0.15877172443011006
-0.10819484879030052
0.03838747750015205
0.03824286403919218
-0.10807593885014756
0.15869965300124542
-0.18111617384541362
0.1713412009179024
-0.13111213257801027
0.06757926257072261
0.007965110274441585
-0.0820937684868042
0.14163112339102532
-0.17599503650126463
0.17907768410907868
-0.15033115783424505
0.0948648504093091
-0.022537314055420997
-0.05379599258982025
0.1205676277933421
-0.1659096358780009
0.18176295228458952
-0.1653098166494764
0.11947460089180413
-0.052404032044254194
-0.02398080190671251
0.09610330079169227
-0.15114444922541737
0.17932126252315037
-0.1756256084384974
0.14071435080180045
-0.08079259805095301
0.006510811343719137
0.06892820366608697
-0.13211595575426044
0.1718214871694635
-0.18098755734549238
0.15798499397917254
-0.1069022604261897
0.03681877520168686
0.03980885994712075
-0.10936088907508493
0.1594751711632288
-0.1812444197525247
0.17079938020978253
-0.12999654818353162
0.06608819787585091
0.009566634211813882
-0.08352109764087763
0.14263056502554622
-0.17638895038359004
0.17879605619208427
-0.14942404451638913
0.09349348153658943
-0.020945436012993597
-0.05532544023247113
0.12176280181328958
-0.16655810667093496
0.1817494609914233
-0.16463676120559084
0.11826160981926973
-0.05086670174097553
-0.025569227157837063
0.09746049511849636
-0.15202918561911163
0.17957628840051734
-0.1752055956336687
0.13969395217071637
-0.07935317871184905
0.00490821293600379
0.07040913614081824
-0.133212002133616
0.17233783674405218
-0.18083243441237487
0.1571859700072325
-0.10560135351769548
0.035247207869179065
0.041371758149101
-0.11063732943871583
0.16023827984683894
-0.18135856221838215
0.17024426883579016
-0.12887084817455247
0.06459199056187376
0.011167413726470267
-0.08494192764371747
0.143618907936052
-0.1767691386505122
0.17850051535199096
-0.14850530384340344
0.09211483751671942
-0.01935192811223967
-0.056850582754459686
0.12294850092347737
-0.1671936168305101
0.18172182695748362
-0.16395089463685492
0.11703941628042884
-0.0493254132714757
-0.027155662752706596
0.09881010560702984
-0.1529020919399617
0.17981734064141774
-0.1747719492955775
0.1386626833266353
-0.07790758454597801
0.003305232598226836
0.07188458976485668
-0.13429768268957665
0.17284077593856484
-0.180663240096431
0.15637471468992914
-0.1042922292942195
0.033672897793331893
0.04293143702901364
-0.11190516061549029
0.1609889196711664
-0.1814585923610488
0.16967590999163118
-0.1277351201468397
0.06309075705539335
0.012767324254576603
-0.08635614793416822
0.14459607521514767
-0.1771355717178766
0.17819108458615715
-0.1475750073066204
0.09072902562817414
-0.017756914351156377
-0.05837130147760537
0.12412463285933942
-0.16781611690483023
0.18168005233309867
-0.16325227031362277
0.11580811537964276
-0.04778028657032374
-0.028739985243651678
0.10015202723804707
-0.15376310026321144
0.18004440048849546
-0.1743247031681905
0.1376206245172116
-0.07645592804150604
0.0017019950654783107
0.07335444972653776
-0.13537291294046866
0.17333026561704692
-0.1804799875634294
0.15555129115467753
-0.10297498962458947
0.03209596747827373
0.04448777522124927
-0.11316428394977769
0.16172703222555954
-0.1815445023967306
0.16909434790385652
-0.12658945247648534
0.06158461417412242
0.014366241299918479
-0.08776364846540576
0.1455619908250643
-0.17748822107188278
0.17786778797277875
-0.1466332272965864
0.0893361537071925
-0.016160518844918738
-0.05988747806796335
0.12529110610077437
-0.1684255584543724
0.18162414036893929
-0.16254094259898652
0.11456780292995745
-0.04623144187075878
-0.030322071347433033
0.10148615559060686
-0.15461214358994138
0.18025745027320522
-0.17386389205373493
0.13656785682971517
-0.07499832215833699
9.862509286173161e-05
0.07481860164946497
-0.1364376092178034
0.17380626769011093
-0.18028269107307165
0.15471576347575627
-0.10164973700913243
0.030516539632025524
0.04604065162015239
-0.11441460146354375
0.16245256007416975
-0.18161628564038224
0.16849962782642086
-0.12543393431302954
0.0600736791177942
0.01596404044358886
-0.08916431971350053
0.14651657960357578
-0.1778270592713027
0.17753065066901524
-0.14568003709742827
0.08793633013938622
-0.01456286581622157
-0.061398994545032524
0.12644782987926723
-0.16902189405575616
0.18155409541576623
-0.16181696684454627
0.11331857544564787
-0.044678999695334044
-0.0319017979548346
0.1028123868501981
-0.1554491558522818
0.1804564734171879
-0.1733895518099905
0.13550446218472192
-0.07353488031932248
-0.001504752554213522
0.07627693160140997
-0.1374916886727879
0.17426874511790058
-0.18007136597788254
0.15386819666932178
-0.10031657457169867
0.02893473715695234
0.04758994538944514
-0.11565601586397457
0.16316544676042088
-0.18167393650622765
0.1678917960371608
-0.12426865557252363
0.0585580694590425
0.017560597353669615
-0.09055805268594022
0.14745976726984755
-0.17815205994961625
0.1771796989090325
-0.14471551088115073
0.0865296638513059
-0.012964079585613053
-0.06290573329093603
0.12759471418495244
-0.16960507730543345
0.18146992292409145
-0.16108039938610275
0.11206053013470788
-0.04312308084653848
-0.03347904214024344
0.10413061781681777
-0.15627407191855436
0.18064145443355978
-0.17290171934749918
0.13443052332973887
-0.07206571640143619
-0.0031080131097410567
0.07772932610317794
-0.1385350692827719
0.17471766191297272
-0.1798460287220157
0.15300865668834884
-0.09897560605163717
0.027350683140199734
0.04913553597163017
-0.11688843055104743
0.16386563681140234
-0.18171745050819424
0.16727089983419446
-0.123093706930533
0.05703790313425305
0.019155787794906443
-0.09194473893011079
0.14839148043021683
-0.1784631978170629
0.17681496000196106
-0.14373972370186508
0.08511626430196477
-0.011364284561821031
-0.06440757705957381
0.128731669773618
-0.17017506282329986
0.18137162944375412
-0.16033129753927372
0.11079376489128592
-0.04156380639739662
-0.03505368117121489
0.10544074591300166
-0.15708682759833983
0.18081237892811836
-0.17240043262669294
0.13334612383276542
-0.07059094472691227
-0.004711031816825739
0.07917567213743823
-0.13956766985763008
0.17515298314309807
-0.17960669683997363
0.1521372104174988
-0.09762693579572321
0.025764500844115846
0.05067730309737172
-0.11811174962504772
0.16455307574218558
-0.1817468242602625
0.16663698753224013
-0.12190917981508168
0.055513298434385995
0.020749487638376016
-0.0933242705417358
0.14931164658390333
-0.1787604486626096
0.1764364623297713
-0.1427527514899484
0.08369624147432146
-0.009763605232071962
-0.06590440898574583
0.1298586081736498
-0.1707318062562257
0.18125922262341077
-0.15956971959503388
0.10951837828806747
-0.040001297682047306
-0.036625592518023165
0.10674266919180608
-0.15788735964747333
0.18096923360046197
-0.17188573065494014
0.13225134807579025
-0.06911068005434966
-0.006313683937391872
0.08061585715751848
-0.14058941004608022
0.1755746749339791
-0.1793533889552436
0.1512539256679148
-0.09627066875003873
0.024176313696659776
0.0522151267948543
-0.1193258778940312
0.16522771006006395
-0.1817620554767289
0.16599010845885745
-0.12071516639953755
0.053984373995771544
0.022341572871145205
-0.09469654017327277
0.15022019412865154
-0.17904378935583476
0.17604423534506486
-0.14175467104613554
0.08226970586672153
-0.008162166152404145
-0.06739611259424606
0.13097544169291628
-0.1712752642815071
0.18113271120994034
-0.15879572481517892
0.10823446956860483
-0.03843567628630207
-0.03819465386319565
0.10803628634474118
-0.1586756057729653
0.1811120062450251
-0.17135765348350965
0.13114628124822567
-0.06762503756978203
-0.007915844761889387
0.08204976909616252
-0.14160021034193526
0.1759827044718861
-0.17908612477884836
0.150358871171945
-0.09490691045180592
0.022586245281797097
0.053748887399118324
-0.1205307208812314
0.1658894872687153
-0.18176314297238425
0.16533031295060865
-0.11951175959544003
0.05245124879087805
0.02393191960592092
-0.09606144104226655
0.15111705236630169
-0.17931319784872823
0.1756383095687826
-0.1407455600355425
0.08083676848429915
-0.006560091937975454
-0.06888257180892589
0.13208208342559186
-0.17180539461023767
0.18099210504776334
-0.15800937342771454
0.10694213863959413
-0.0368670640381842
-0.039760743111031296
0.10932149670965387
-0.15945150463784918
0.18124068575202787
-0.1708162422044549
0.130031009340278
-0.06613413287771484
-0.009517389618998274
0.0834772963742507
-0.14259999209029037
0.17637704000621057
-0.17880492510781218
0.14945211657779445
-0.09353576702117498
0.020994419329883208
0.05527846556137161
-0.12172618483241138
0.1665383558722866
-0.1817500866626056
0.16465765234914165
-0.11829905304527034
0.050914042119054384
0.025520404090690427
-0.09741886693965843
0.15200215150829158
-0.17956865317740667
0.17521871658782995
-0.13972549698162337
0.0793975408303393
-0.004957507253366419
-0.07036367096172647
0.13317844725891953
-0.17232215599059855
0.1808374150780759
-0.15721072662216912
0.1056414860631017
-0.035295582998448496
-0.041323738397101226
0.11059820027856097
-0.16021499586595417
0.18135526210834058
-0.170261538947416
0.12890561913625695
-0.06463808199212948
-0.01111819388532968
0.08489832790948253
-0.14358867749364335
0.1767576508519358
-0.17850981182354286
0.14853373244410514
-0.09215734515296632
0.019400959708035376
0.05680374225827663
-0.12291217672315893
0.16717426537940136
-0.18172288756336302
0.1639721789971949
-0.11707714111516465
0.049372873597246576
0.02710690271835098
-0.09876871223805073
0.152875422681087
-0.17981013546374516
0.17478548905261887
-0.13869456126005963
0.07795213489760129
-0.0033545368028795263
-0.07183929480167939
0.13426444787991193
-0.17282550821106896
0.18066865333799847
-0.15639984654483288
0.10433261304873838
-0.03372135545108335
-0.042883518097731575
0.11186629770543133
-0.16096602004660315
0.1814557263982631
-0.16969358687634134
0.12777019820782207
-0.06313700132745562
-0.012718132995123338
0.08631275312502042
-0.1445661896179483
0.1771245073920248
-0.1782008078901286
0.147603790234466
-0.09077175210836823
0.017805990410494098
0.05832459880121218
-0.12408860426612543
0.16779716630708863
-0.18168154779114035
0.16327394623452463
-0.11584611888757085
0.04782786315069011
0.028691292036328326
-0.10011087189992625
0.153736797931541
-0.18003762591692396
0.1743386606745269
-0.13765283309258408
0.07650066315960385
-0.0017513053208355444
-0.07330932850387502
0.13534000078198946
-0.1733154121035549
0.18048583295963888
-0.1555767962939218
0.10301562144578416
-0.032144503893795306
-0.04443996083946765
0.11312569031391624
-0.16170451873923605
0.18154207080421841
-0.1691124301861291
0.12662483490716853
-0.06163100768951278
-0.014317082449940871
0.08772046195809406
-0.1455324523986023
0.17747758107972456
-0.17787793735255153
0.14666236231185137
-0.08937909570659044
0.01620963554897443
0.05984091684550904
-0.125255375918207
0.16840701018463325
-0.1816260705627707
0.1625630083937539
-0.11460608215385022
0.046279131003577736
0.030273448756183027
-0.10144524148582158
0.15458621023218175
-0.18025110683489043
0.17387826622327446
-0.13660039354073786
0.07504323856187341
-0.00014793756186711648
-0.07477365767839723
0.13640502227155668
-0.17379182954643702
0.18028896816907092
-0.15474163991466755
0.10169061373526293
-0.03056515102847676
-0.04599294550851846
0.11437628010502798
-0.16243043447795713
0.18161428860736098
-0.16851811409918802
0.12546961836015225
-0.06012021826642085
-0.01591491782835322
0.0891213448685651
-0.14648739064636435
0.17781684444078788
-0.1775412253348164
0.14570952193299064
-0.08797948431647422
0.014612019343008403
0.06135257839965885
-0.12641240088766803
0.16900374955734773
-0.18155646019518604
0.161839420796145
-0.1133571274068229
0.044726797669704575
0.03185324976320418
-0.10277171716245402
0.15542359348642823
-0.18045056160573683
0.17340434152421885
-0.1355373244995631
0.07357997451315496
0.001455441708788678
-0.07623216837922495
0.1374594294745144
-0.17425472346753718
0.18007807428522687
-0.15389444239433397
0.10035769302196784
-0.028983419751658156
-0.04754235126018118
0.11561796976476556
-0.16314371077600678
0.18167237418809962
-0.16791068486191862
0.12430463845935422
-0.05860475061948134
-0.01751151479562278
0.0905152928474507
-0.14743093005320618
0.17814227107561081
-0.17719069803799556
0.1447453432426675
-0.08657302684805954
0.013013266110278929
0.06285946583449575
-0.1275595891412059
0.16958733799026482
-0.1814727221050814
0.16110323974729435
-0.1120993518332599
0.04317098394309003
0.03343057212598938
-0.10409019571080153
0.15624888253373348
-0.18063597470899276
0.17291692345556658
-0.1344637086912302
0.07211098487658746
0.0030587077249990212
-0.07768474711309852
0.13850314034270872
-0.17470405784700316
0.17985316771870583
-0.1530352696571602
0.09901696302643818
-0.02739943314494485
-0.049088057528244605
0.11685066267168705
-0.16384429213015692
0.18171632302653473
-0.16729018974111443
0.12312998585708597
-0.05708472267402928
-0.019106749113378084
0.0919021974254063
-0.14836299719809432
0.1784538356612873
-0.17682638273819024
0.14376990126795058
-0.08515983274411061
0.01141350025694606
0.06436146189234947
-0.1286968514109571
0.17015773007175095
-0.18137486280849308
0.16035452253275145
-0.1108328533063202
0.041611810888578626
0.035005293106010665
-0.10540057453413433
0.15706201315465484
-0.1808073317168331
0.17241604994550383
-0.13337962965860076
0.07063638396084351
0.004661735729443942
-0.0791312808483513
0.13953607366031556
-0.17513979772011148
0.1796142659704965
-0.15216418855923053
0.09766852807688868
-0.025813314465439437
-0.05062994403437089
0.11807426290442831
-0.16453212402502992
0.18174613170281015
-0.1666566770202838
0.12194575195833532
-0.055560252710257
-0.020700496649281683
0.09328195068116583
-0.1492835195527036
0.1787515139535794
-0.17644830778440804
0.14278327191235513
-0.08374001197159932
0.00981284626796642
0.06585844969616969
-0.12982409920144322
0.1707148814170399
-0.18126288992029194
0.15959332741356114
-0.10955773037793488
0.040049399832419244
0.036577290167165384
-0.10670275166599863
0.15786292207585162
-0.18096461929520044
0.17190175996924506
-0.13228517175872684
0.06915628651123448
0.0062644009833242
-0.0805716570237051
0.1405581490501604
-0.1755619091799881
0.1793613876306155
-0.15128126688327242
0.09631249310109088
-0.02422518713615085
-0.052167890797455214
0.11928867524916671
-0.16520715293734123
0.18176179789737862
-0.16601019599589378
0.12075202891365273
-0.054031459354011484
-0.022292633386691095
0.09465444524993703
-0.15019242548706496
0.17903528278879766
-0.17605650259636668
0.1417855319499218
-0.0823136750131713
0.008211428697371369
0.06735031275856712
-0.13094124479654018
0.1712587486715596
-0.18113681215378546
0.15881971362142985
-0.1082740822716002
0.03848387235211267
0.03814644098421445
-0.10799662577984241
0.15865154697239886
-0.18110782520886967
0.17137409353978394
-0.1311804201658845
0.06767080768595993
0.007866578753174988
-0.08200576359239245
0.14156928692533996
-0.17597035946465636
0.17909455224623638
-0.15038657353491702
0.09494896330677603
-0.022635175217664727
-0.053701778886725636
0.12049380405758747
-0.16586932811649313
0.1817633176457237
-0.16535080121667076
0.11954890305410525
-0.05249847170299941
-0.023883051099082196
0.09601955012103795
-0.1510896816941817
0.17930506225219398
-0.17565108704743615
0.14077662086844234
-0.0808811463800022
0.006609042146341902
0.06883642493379635
-0.1320489895959346
0.17178807109472485
-0.18099852247645
0.15803083080256197
-0.10698650735229476
0.036908397566904914
0.0397018774767173
-0.1092987046872195
0.15940215626844045
-0.1812766118878245
0.1707717687221415
-0.13016022700717567
0.0660335580543071
0.009241815159634261
-0.08378359569910726
0.1420291405050786
-0.1772025481446514
0.17752630739566425
-0.15148948686565117
0.09052768706960027
-0.02591468381064098
-0.06231521426821501
0.10947654048106431
-0.1818025704661802
0.14792459461960988
-0.18797556951687314
