Jacobi method for N: 1299 and matrix C;	iters: 1000;	time: 1.37855
1.436676056644806e+123
2.3239178457844147e+123
3.419913943460512e+123
4.434437714440994e+123
5.477795288173235e+123
6.507278221386846e+123
7.538638329888596e+123
8.565297679177866e+123
9.589213816067149e+123
1.0609088835251487e+124
1.1624874563486634e+124
1.2636052051683263e+124
1.3642289483570948e+124
1.4643191432607276e+124
1.56383952398932e+124
1.6627534763306822e+124
1.7610254777862084e+124
1.8586206006974955e+124
1.9555047533883136e+124
2.051644637318437e+124
2.1470078106063223e+124
2.2415627087124715e+124
2.3352786792138326e+124
2.4281260088534985e+124
2.520075951139861e+124
2.611100751280236e+124
2.7011736696295876e+124
2.7902690031621015e+124
2.878362105118967e+124
2.965429402745547e+124
3.0514484131294185e+124
3.136397757119699e+124
3.220257171326424e+124
3.303007518198149e+124
3.3846307941825325e+124
3.4651101359783893e+124
3.5444298248924458e+124
3.6225752893182303e+124
3.699533105358805e+124
3.7752909956191364e+124
3.849837826197882e+124
3.9231636019121884e+124
3.995259459792795e+124
4.06611766089023e+124
4.1357315804362605e+124
4.204095696407911e+124
4.271205576544352e+124
4.337057863869766e+124
4.401650260777882e+124
4.464981511736276e+124
4.527051384670731e+124
4.58786065109191e+124
4.647411065028407e+124
4.705705340831763e+124
4.762747129920406e+124
4.818540996530614e+124
4.873092392543485e+124
4.926407631457668e+124
4.978493861578072e+124
5.029359038491072e+124
5.079011896896856e+124
5.127461921869439e+124
5.174719319614555e+124
5.220794987795227e+124
5.265700485494062e+124
5.309448002880574e+124
5.352050330650767e+124
5.393520829305082e+124
5.433873398329485e+124
5.47312244534302e+124
5.511282855273534e+124
5.548369959621579e+124
5.584399505870656e+124
5.619387627099967e+124
5.653350811853848e+124
5.686305874319887e+124
5.7182699248654595e+124
5.749260340980209e+124
5.779294738669543e+124
5.808390944341846e+124
5.836566967229657e+124
5.863840972382519e+124
5.890231254266736e+124
5.915756211004693e+124
5.940434319283849e+124
5.964284109962992e+124
5.987324144400749e+124
6.009572991528854e+124
6.031049205690167e+124
6.051771305258913e+124
6.071757752058246e+124
6.091026931587757e+124
6.109597134071264e+124
6.127486536332888e+124
6.1447131845071785e+124
6.16129497758692e+124
6.177249651810078e+124
6.1925947658854025e+124
6.207347687054153e+124
6.221525577983637e+124
6.235145384486359e+124
6.248223824056979e+124
6.260777375217569e+124
6.272822267660178e+124
6.284374473174274e+124
6.2954496973452675e+124
6.306063372009063e+124
6.316230648446461e+124
6.325966391300105e+124
6.335285173195738e+124
6.344201270048609e+124
6.352728657035094e+124
6.360881005208878e+124
6.368671678740411e+124
6.376113732757833e+124
6.383219911767099e+124
6.390002648628643e+124
6.396474064067655e+124
6.402645966694814e+124
6.408529853514163e+124
6.414136910894737e+124
6.4194780159825755e+124
6.4245637385297695e+124
6.429404343117324e+124
6.434009791748805e+124
6.438389746791944e+124
6.442553574245689e+124
6.446510347310466e+124
6.450268850239869e+124
6.453837582452304e+124
6.457224762881685e+124
6.460438334546667e+124
6.463485969318478e+124
6.466375072867939e+124
6.469112789772836e+124
6.471706008767401e+124
6.474161368116278e+124
6.476485261095976e+124
6.478683841567449e+124
6.480763029624101e+124
6.48272851730019e+124
6.484585774325231e+124
6.486340053910732e+124
6.487996398556193e+124
6.489559645862034e+124
6.49103443433776e+124
6.4924252091943e+124
6.493736228110183e+124
6.494971566961783e+124
6.496135125508574e+124
6.497230633024889e+124
6.498261653870356e+124
6.499231592991724e+124
6.500143701349434e+124
6.501001081262784e+124
6.501806691668173e+124
6.502563353285357e+124
6.503273753687243e+124
6.503940452269168e+124
6.504565885114161e+124
6.5051523697510755e+124
6.505702109802977e+124
6.506217199523543e+124
6.5066996282196625e+124
6.5071512845587745e+124
6.50757396075988e+124
6.507969356667459e+124
6.508339083707875e+124
6.508684668728127e+124
6.509007557717141e+124
6.509309119409947e+124
6.509590648775498e+124
6.50985337038892e+124
6.510098441689388e+124
6.510326956124832e+124
6.510539946185023e+124
6.510738386324606e+124
6.510923195777886e+124
6.5110952412672755e+124
6.5112553396074155e+124
6.5114042602071e+124
6.511542727471229e+124
6.511671423105076e+124
6.511790988323254e+124
6.511902025965766e+124
6.512005102523632e+124
6.512100750076589e+124
6.512189468145378e+124
6.512271725461165e+124
6.512347961654658e+124
6.512418588867468e+124
6.5124839932882595e+124
6.512544536616241e+124
6.512600557454491e+124
6.512652372635649e+124
6.512700278482417e+124
6.512744552005301e+124
6.512785452040016e+124
6.512823220326899e+124
6.512858082534632e+124
6.51289024923056e+124
6.512919916799814e+124
6.51294726831541e+124
6.512972474361418e+124
6.5129956938112865e+124
6.513017074563304e+124
6.513036754235135e+124
6.513054860819347e+124
6.513071513301717e+124
6.513086822244109e+124
6.513100890333623e+124
6.513113812899678e+124
6.513125678400598e+124
6.513136568881249e+124
6.51314656040321e+124
6.513155723448866e+124
6.513164123300834e+124
6.513171820397978e+124
6.513178870669306e+124
6.513185325846921e+124
6.513191233759204e+124
6.513196638605294e+124
6.513201581211943e+124
6.513206099273726e+124
6.513210227577574e+124
6.513213998212529e+124
6.5132174407656e+124
6.51322058250452e+124
6.51322344854821e+124
6.5132260620256805e+124
6.5132284442240715e+124
6.513230614726517e+124
6.513232591540435e+124
6.513234391216877e+124
6.513236028961479e+124
6.513237518737564e+124
6.513238873361883e+124
6.513240104593496e+124
6.513241223216227e+124
6.51324223911512e+124
6.513243161347295e+124
6.513243998207587e+124
6.513244757289303e+124
6.513245445540464e+124
6.513246069315796e+124
6.513246634424806e+124
6.513247146176198e+124
6.513247609418881e+124
6.513248028579824e+124
6.513248407698979e+124
6.513248750461472e+124
6.513249060227277e+124
6.51324934005855e+124
6.513249592744777e+124
6.513249820825946e+124
6.513250026613822e+124
6.513250212211527e+124
6.513250379531529e+124
6.513250530312151e+124
6.513250666132726e+124
6.513250788427516e+124
6.513250898498451e+124
6.513250997526822e+124
6.513251086583988e+124
6.513251166641175e+124
6.513251238578449e+124
6.513251303192918e+124
6.513251361206236e+124
6.513251413271459e+124
6.513251459979303e+124
6.51325150186386e+124
6.5132515394078175e+124
6.5132515730472085e+124
6.513251603175752e+124
6.513251630148803e+124
6.513251654286945e+124
6.513251675879272e+124
6.513251695186365e+124
6.513251712442998e+124
6.513251727860605e+124
6.513251741629517e+124
6.51325175392099e+124
6.51325176488905e+124
6.51325177467217e+124
6.51325178339478e+124
6.513251791168648e+124
6.513251798094117e+124
6.513251804261245e+124
6.513251809750807e+124
6.513251814635243e+124
6.513251818979465e+124
6.513251822841634e+124
6.513251826273826e+124
6.513251829322657e+124
6.51325183202983e+124
6.513251834432644e+124
6.513251836564439e+124
6.513251838455004e+124
6.513251840130948e+124
6.513251841616021e+124
6.513251842931419e+124
6.513251844096047e+124
6.513251845126763e+124
6.513251846038587e+124
6.513251846844902e+124
6.51325184755762e+124
6.513251848187348e+124
6.513251848743519e+124
6.513251849234522e+124
6.513251849667816e+124
6.513251850050024e+124
6.513251850387029e+124
6.513251850684055e+124
6.513251850945739e+124
6.513251851176188e+124
6.513251851379047e+124
6.513251851557546e+124
6.513251851714545e+124
6.513251851852576e+124
6.513251851973881e+124
6.513251852080442e+124
6.513251852174014e+124
6.513251852256145e+124
6.513251852328204e+124
6.5132518523914e+124
6.5132518524468e+124
6.513251852495347e+124
6.513251852537869e+124
6.5132518525751e+124
6.513251852607684e+124
6.513251852636189e+124
6.513251852661116e+124
6.513251852682905e+124
6.513251852701942e+124
6.51325185271857e+124
6.513251852733085e+124
6.513251852745751e+124
6.513251852756802e+124
6.513251852766435e+124
6.513251852774832e+124
6.5132518527821475e+124
6.513251852788519e+124
6.513251852794063e+124
6.513251852798889e+124
6.513251852803085e+124
6.513251852806734e+124
6.513251852809904e+124
6.51325185281266e+124
6.5132518528150515e+124
6.513251852817127e+124
6.513251852818928e+124
6.51325185282049e+124
6.5132518528218435e+124
6.513251852823017e+124
6.513251852824033e+124
6.5132518528249135e+124
6.513251852825674e+124
6.513251852826334e+124
6.513251852826903e+124
6.5132518528273945e+124
6.51325185282782e+124
6.513251852828187e+124
6.513251852828504e+124
6.513251852828778e+124
6.513251852829014e+124
6.513251852829218e+124
6.513251852829393e+124
6.513251852829544e+124
6.5132518528296745e+124
6.513251852829785e+124
6.513251852829883e+124
6.513251852829965e+124
6.513251852830035e+124
6.513251852830097e+124
6.51325185283015e+124
6.513251852830194e+124
6.5132518528302325e+124
6.513251852830266e+124
6.5132518528302945e+124
6.513251852830319e+124
6.51325185283034e+124
6.513251852830358e+124
6.513251852830373e+124
6.513251852830387e+124
6.513251852830398e+124
6.513251852830407e+124
6.513251852830417e+124
6.513251852830423e+124
6.513251852830429e+124
6.5132518528304345e+124
6.513251852830439e+124
6.513251852830443e+124
6.513251852830446e+124
6.513251852830449e+124
6.51325185283045e+124
6.513251852830452e+124
6.513251852830454e+124
6.513251852830456e+124
6.513251852830457e+124
6.513251852830458e+124
6.51325185283046e+124
6.51325185283046e+124
6.513251852830461e+124
6.513251852830462e+124
6.513251852830462e+124
6.513251852830463e+124
6.513251852830464e+124
6.513251852830464e+124
6.513251852830464e+124
6.513251852830465e+124
6.513251852830465e+124
6.5132518528304655e+124
6.5132518528304655e+124
6.5132518528304655e+124
6.5132518528304655e+124
6.513251852830466e+124
6.513251852830466e+124
6.513251852830467e+124
6.513251852830467e+124
6.513251852830467e+124
6.513251852830467e+124
6.513251852830467e+124
6.513251852830467e+124
6.513251852830467e+124
6.513251852830467e+124
6.513251852830467e+124
6.513251852830467e+124
6.513251852830467e+124
6.513251852830467e+124
6.513251852830467e+124
6.513251852830467e+124
6.513251852830467e+124
6.513251852830467e+124
6.513251852830467e+124
6.513251852830467e+124
6.513251852830467e+124
6.513251852830467e+124
6.513251852830467e+124
6.513251852830467e+124
6.513251852830467e+124
6.513251852830467e+124
6.513251852830467e+124
6.513251852830467e+124
6.513251852830467e+124
6.513251852830467e+124
6.513251852830467e+124
6.513251852830467e+124
6.513251852830467e+124
6.513251852830467e+124
6.513251852830467e+124
6.513251852830467e+124
6.513251852830467e+124
6.513251852830467e+124
6.513251852830467e+124
6.513251852830467e+124
6.513251852830467e+124
6.513251852830467e+124
6.513251852830467e+124
6.513251852830467e+124
6.513251852830467e+124
6.513251852830467e+124
6.513251852830467e+124
6.513251852830467e+124
6.513251852830467e+124
6.513251852830467e+124
6.513251852830467e+124
6.513251852830467e+124
6.513251852830467e+124
6.513251852830467e+124
6.513251852830467e+124
6.513251852830467e+124
6.513251852830467e+124
6.513251852830467e+124
6.513251852830467e+124
6.513251852830467e+124
6.513251852830467e+124
6.513251852830467e+124
6.513251852830467e+124
6.513251852830467e+124
6.513251852830467e+124
6.513251852830467e+124
6.513251852830467e+124
6.513251852830467e+124
6.513251852830467e+124
6.513251852830467e+124
6.513251852830467e+124
6.513251852830467e+124
6.513251852830467e+124
6.513251852830467e+124
6.513251852830467e+124
6.513251852830467e+124
6.513251852830467e+124
6.513251852830467e+124
6.513251852830467e+124
6.513251852830467e+124
6.513251852830467e+124
6.513251852830467e+124
6.513251852830467e+124
6.513251852830467e+124
6.513251852830467e+124
6.513251852830467e+124
6.513251852830467e+124
6.513251852830467e+124
6.513251852830467e+124
6.513251852830467e+124
6.513251852830467e+124
6.513251852830467e+124
6.513251852830467e+124
6.513251852830467e+124
6.513251852830467e+124
6.513251852830467e+124
6.513251852830467e+124
6.513251852830467e+124
6.513251852830467e+124
6.513251852830467e+124
6.513251852830467e+124
6.513251852830467e+124
6.513251852830467e+124
6.513251852830467e+124
6.513251852830467e+124
6.513251852830467e+124
6.513251852830467e+124
6.513251852830467e+124
6.513251852830467e+124
6.513251852830467e+124
6.513251852830467e+124
6.513251852830467e+124
6.513251852830467e+124
6.513251852830467e+124
6.513251852830467e+124
6.513251852830467e+124
6.513251852830467e+124
6.513251852830467e+124
6.513251852830467e+124
6.513251852830467e+124
6.513251852830467e+124
6.513251852830467e+124
6.513251852830467e+124
6.513251852830467e+124
6.513251852830467e+124
6.513251852830467e+124
6.513251852830467e+124
6.513251852830467e+124
6.513251852830467e+124
6.513251852830467e+124
6.513251852830467e+124
6.513251852830467e+124
6.513251852830467e+124
6.513251852830467e+124
6.513251852830467e+124
6.513251852830467e+124
6.513251852830467e+124
6.513251852830467e+124
6.513251852830467e+124
6.513251852830467e+124
6.513251852830467e+124
6.513251852830467e+124
6.513251852830467e+124
6.513251852830467e+124
6.513251852830467e+124
6.513251852830467e+124
6.513251852830467e+124
6.513251852830467e+124
6.513251852830467e+124
6.513251852830467e+124
6.513251852830467e+124
6.513251852830467e+124
6.513251852830467e+124
6.513251852830467e+124
6.513251852830467e+124
6.513251852830467e+124
6.513251852830467e+124
6.513251852830467e+124
6.513251852830467e+124
6.513251852830467e+124
6.513251852830467e+124
6.513251852830467e+124
6.513251852830467e+124
6.513251852830467e+124
6.513251852830467e+124
6.513251852830467e+124
6.513251852830467e+124
6.513251852830467e+124
6.513251852830467e+124
6.513251852830467e+124
6.513251852830467e+124
6.513251852830467e+124
6.513251852830467e+124
6.513251852830467e+124
6.513251852830467e+124
6.513251852830467e+124
6.513251852830467e+124
6.513251852830467e+124
6.513251852830467e+124
6.513251852830467e+124
6.513251852830467e+124
6.513251852830467e+124
6.513251852830467e+124
6.513251852830467e+124
6.513251852830467e+124
6.513251852830467e+124
6.513251852830467e+124
6.513251852830467e+124
6.513251852830467e+124
6.513251852830467e+124
6.513251852830467e+124
6.513251852830467e+124
6.513251852830467e+124
6.513251852830467e+124
6.513251852830467e+124
6.513251852830467e+124
6.513251852830467e+124
6.513251852830467e+124
6.513251852830467e+124
6.513251852830467e+124
6.513251852830467e+124
6.513251852830467e+124
6.513251852830467e+124
6.513251852830467e+124
6.513251852830467e+124
6.513251852830467e+124
6.513251852830467e+124
6.513251852830467e+124
6.513251852830467e+124
6.513251852830467e+124
6.513251852830467e+124
6.513251852830467e+124
6.513251852830467e+124
6.513251852830467e+124
6.513251852830467e+124
6.513251852830467e+124
6.513251852830467e+124
6.513251852830467e+124
6.513251852830467e+124
6.513251852830467e+124
6.513251852830467e+124
6.513251852830467e+124
6.513251852830467e+124
6.513251852830467e+124
6.513251852830467e+124
6.513251852830467e+124
6.513251852830467e+124
6.513251852830467e+124
6.513251852830467e+124
6.513251852830467e+124
6.513251852830467e+124
6.513251852830467e+124
6.513251852830467e+124
6.513251852830467e+124
6.513251852830467e+124
6.513251852830467e+124
6.513251852830467e+124
6.513251852830467e+124
6.513251852830467e+124
6.513251852830467e+124
6.513251852830467e+124
6.513251852830467e+124
6.513251852830467e+124
6.513251852830467e+124
6.513251852830467e+124
6.513251852830467e+124
6.513251852830467e+124
6.513251852830467e+124
6.513251852830467e+124
6.513251852830467e+124
6.513251852830467e+124
6.513251852830467e+124
6.513251852830467e+124
6.513251852830467e+124
6.513251852830467e+124
6.513251852830467e+124
6.513251852830467e+124
6.513251852830467e+124
6.513251852830467e+124
6.513251852830467e+124
6.513251852830467e+124
6.513251852830467e+124
6.513251852830467e+124
6.513251852830467e+124
6.513251852830467e+124
6.513251852830467e+124
6.513251852830467e+124
6.513251852830467e+124
6.513251852830467e+124
6.513251852830467e+124
6.513251852830467e+124
6.513251852830467e+124
6.513251852830467e+124
6.513251852830467e+124
6.513251852830467e+124
6.513251852830467e+124
6.513251852830467e+124
6.513251852830467e+124
6.513251852830467e+124
6.513251852830467e+124
6.513251852830467e+124
6.513251852830467e+124
6.513251852830467e+124
6.513251852830467e+124
6.513251852830467e+124
6.513251852830467e+124
6.513251852830467e+124
6.513251852830467e+124
6.513251852830467e+124
6.513251852830467e+124
6.513251852830467e+124
6.513251852830467e+124
6.513251852830467e+124
6.513251852830467e+124
6.513251852830467e+124
6.513251852830467e+124
6.513251852830467e+124
6.513251852830467e+124
6.513251852830467e+124
6.513251852830467e+124
6.513251852830467e+124
6.513251852830467e+124
6.513251852830467e+124
6.513251852830467e+124
6.513251852830467e+124
6.513251852830467e+124
6.513251852830467e+124
6.513251852830467e+124
6.513251852830467e+124
6.513251852830467e+124
6.513251852830467e+124
6.513251852830467e+124
6.513251852830467e+124
6.513251852830467e+124
6.513251852830467e+124
6.513251852830467e+124
6.513251852830467e+124
6.513251852830467e+124
6.513251852830467e+124
6.513251852830467e+124
6.513251852830467e+124
6.513251852830467e+124
6.513251852830467e+124
6.513251852830467e+124
6.513251852830467e+124
6.513251852830467e+124
6.513251852830467e+124
6.513251852830467e+124
6.513251852830467e+124
6.513251852830467e+124
6.513251852830467e+124
6.513251852830467e+124
6.513251852830467e+124
6.513251852830467e+124
6.513251852830467e+124
6.513251852830467e+124
6.513251852830467e+124
6.513251852830467e+124
6.513251852830467e+124
6.513251852830467e+124
6.513251852830467e+124
6.513251852830467e+124
6.513251852830467e+124
6.513251852830467e+124
6.513251852830467e+124
6.513251852830467e+124
6.513251852830467e+124
6.513251852830467e+124
6.513251852830467e+124
6.513251852830467e+124
6.513251852830467e+124
6.513251852830467e+124
6.513251852830467e+124
6.513251852830467e+124
6.513251852830467e+124
6.513251852830467e+124
6.513251852830467e+124
6.513251852830467e+124
6.513251852830467e+124
6.513251852830467e+124
6.513251852830467e+124
6.513251852830467e+124
6.513251852830467e+124
6.513251852830467e+124
6.513251852830467e+124
6.513251852830467e+124
6.513251852830467e+124
6.513251852830467e+124
6.513251852830467e+124
6.513251852830467e+124
6.513251852830467e+124
6.513251852830467e+124
6.513251852830467e+124
6.513251852830467e+124
6.513251852830467e+124
6.513251852830467e+124
6.513251852830467e+124
6.513251852830467e+124
6.513251852830467e+124
6.513251852830467e+124
6.513251852830467e+124
6.513251852830467e+124
6.513251852830467e+124
6.513251852830467e+124
6.513251852830467e+124
6.513251852830467e+124
6.513251852830467e+124
6.513251852830467e+124
6.513251852830467e+124
6.513251852830467e+124
6.513251852830467e+124
6.513251852830467e+124
6.513251852830467e+124
6.513251852830467e+124
6.513251852830467e+124
6.513251852830467e+124
6.513251852830467e+124
6.513251852830467e+124
6.513251852830467e+124
6.513251852830467e+124
6.513251852830467e+124
6.513251852830467e+124
6.513251852830467e+124
6.513251852830467e+124
6.513251852830467e+124
6.513251852830467e+124
6.513251852830467e+124
6.513251852830467e+124
6.513251852830467e+124
6.513251852830467e+124
6.513251852830467e+124
6.513251852830467e+124
6.513251852830467e+124
6.513251852830467e+124
6.513251852830467e+124
6.513251852830467e+124
6.513251852830467e+124
6.513251852830467e+124
6.513251852830467e+124
6.513251852830467e+124
6.513251852830467e+124
6.513251852830467e+124
6.513251852830467e+124
6.513251852830467e+124
6.513251852830467e+124
6.513251852830467e+124
6.513251852830467e+124
6.513251852830467e+124
6.513251852830467e+124
6.513251852830467e+124
6.513251852830467e+124
6.513251852830467e+124
6.513251852830467e+124
6.513251852830467e+124
6.513251852830467e+124
6.513251852830467e+124
6.513251852830467e+124
6.513251852830467e+124
6.513251852830467e+124
6.513251852830467e+124
6.513251852830467e+124
6.513251852830467e+124
6.513251852830467e+124
6.513251852830467e+124
6.513251852830467e+124
6.513251852830467e+124
6.513251852830467e+124
6.513251852830467e+124
6.513251852830467e+124
6.513251852830467e+124
6.513251852830467e+124
6.513251852830467e+124
6.513251852830467e+124
6.513251852830467e+124
6.513251852830467e+124
6.513251852830467e+124
6.513251852830467e+124
6.513251852830467e+124
6.513251852830467e+124
6.513251852830467e+124
6.513251852830467e+124
6.513251852830467e+124
6.513251852830467e+124
6.513251852830467e+124
6.513251852830467e+124
6.513251852830467e+124
6.513251852830467e+124
6.513251852830467e+124
6.513251852830466e+124
6.513251852830466e+124
6.513251852830466e+124
6.513251852830466e+124
6.5132518528304655e+124
6.5132518528304655e+124
6.5132518528304655e+124
6.5132518528304655e+124
6.513251852830464e+124
6.513251852830464e+124
6.513251852830464e+124
6.513251852830463e+124
6.513251852830462e+124
6.513251852830462e+124
6.513251852830461e+124
6.51325185283046e+124
6.51325185283046e+124
6.513251852830458e+124
6.513251852830457e+124
6.513251852830456e+124
6.513251852830454e+124
6.513251852830452e+124
6.51325185283045e+124
6.513251852830449e+124
6.513251852830445e+124
6.513251852830441e+124
6.513251852830435e+124
6.513251852830431e+124
6.513251852830424e+124
6.513251852830418e+124
6.513251852830409e+124
6.5132518528304e+124
6.5132518528303875e+124
6.513251852830373e+124
6.513251852830358e+124
6.5132518528303405e+124
6.51325185283032e+124
6.5132518528302945e+124
6.513251852830266e+124
6.5132518528302325e+124
6.513251852830193e+124
6.513251852830146e+124
6.513251852830093e+124
6.513251852830031e+124
6.513251852829959e+124
6.5132518528298755e+124
6.513251852829778e+124
6.513251852829665e+124
6.513251852829534e+124
6.513251852829381e+124
6.513251852829204e+124
6.513251852828998e+124
6.5132518528287595e+124
6.513251852828483e+124
6.513251852828163e+124
6.513251852827792e+124
6.513251852827362e+124
6.513251852826864e+124
6.513251852826289e+124
6.513251852825623e+124
6.513251852824853e+124
6.513251852823965e+124
6.513251852822939e+124
6.513251852821753e+124
6.5132518528203855e+124
6.513251852818807e+124
6.513251852816989e+124
6.513251852814892e+124
6.513251852812476e+124
6.513251852809695e+124
6.5132518528064925e+124
6.513251852802807e+124
6.51325185279857e+124
6.513251852793698e+124
6.513251852788099e+124
6.5132518527816665e+124
6.513251852774281e+124
6.513251852765804e+124
6.513251852756079e+124
6.513251852744926e+124
6.5132518527321395e+124
6.513251852717489e+124
6.513251852700708e+124
6.513251852681495e+124
6.513251852659507e+124
6.513251852634353e+124
6.51325185260559e+124
6.513251852572712e+124
6.513251852535148e+124
6.513251852492247e+124
6.513251852443272e+124
6.513251852387384e+124
6.513251852323635e+124
6.5132518522509485e+124
6.513251852168109e+124
6.513251852073733e+124
6.513251851966262e+124
6.513251851843926e+124
6.51325185170473e+124
6.513251851546415e+124
6.513251851366427e+124
6.513251851161887e+124
6.51325185092954e+124
6.513251850665714e+124
6.513251850366271e+124
6.51325185002654e+124
6.513251849641259e+124
6.5132518492045055e+124
6.513251848709606e+124
6.513251848149047e+124
6.5132518475143815e+124
6.513251846796112e+124
6.513251845983556e+124
6.513251845064718e+124
6.513251844026125e+124
6.513251842852651e+124
6.513251841527328e+124
6.513251840031123e+124
6.513251838342695e+124
6.513251836438138e+124
6.513251834290669e+124
6.5132518318703035e+124
6.513251829143486e+124
6.513251826072676e+124
6.513251822615905e+124
6.513251818726264e+124
6.513251814351343e+124
6.5132518094326245e+124
6.513251803904788e+124
6.513251797694954e+124
6.5132517907218515e+124
6.513251782894879e+124
6.513251774113088e+124
6.513251764264048e+124
6.513251753222592e+124
6.513251740849437e+124
6.513251726989658e+124
6.513251711471011e+124
6.51325169410208e+124
6.513251674670227e+124
6.513251652939357e+124
6.513251628647436e+124
6.513251601503769e+124
6.513251571186011e+124
6.513251537336872e+124
6.513251499560508e+124
6.513251457418552e+124
6.5132514104257555e+124
6.5132513580452145e+124
6.513251299683133e+124
6.513251234683076e+124
6.513251162319691e+124
6.513251081791819e+124
6.513250992214961e+124
6.513250892613042e+124
6.513250781909405e+124
6.513250658916965e+124
6.513250522327464e+124
6.513250370699739e+124
6.513250202446917e+124
6.51325001582246e+124
6.513249808904945e+124
6.513249579581489e+124
6.513249325529701e+124
6.513249044198034e+124
6.513248732784414e+124
6.513248388213011e+124
6.513248007108984e+124
6.513247585771063e+124
6.513247120141767e+124
6.5132466057751095e+124
6.513246037801552e+124
6.513245410890032e+124
6.513244719206819e+124
6.513243956370954e+124
6.513243115406029e+124
6.513242188688023e+124
6.513241167888898e+124
6.513240043915653e+124
6.513238806844491e+124
6.513237445849752e+124
6.513235949127238e+124
6.513234303811524e+124
6.513232495886825e+124
6.5132305100909915e+124
6.513228329812125e+124
6.513225936977328e+124
6.513223311933048e+124
6.513220433316441e+124
6.513217277917166e+124
6.51321382052897e+124
6.513210033790386e+124
6.513205888013875e+124
6.51320135100261e+124
6.513196387854171e+124
6.513190960750313e+124
6.513185028731913e+124
6.513178547458237e+124
6.513171468949522e+124
6.513163741311904e+124
6.513155308443627e+124
6.513146109721445e+124
6.513136079666057e+124
6.513125147585379e+124
6.5131132371944e+124
6.513100266210305e+124
6.513086145921525e+124
6.513070780729262e+124
6.5130540676600355e+124
6.513035895847713e+124
6.513016145983433e+124
6.512994689731762e+124
6.512971389111379e+124
6.512946095838543e+124
6.512918650631471e+124
6.512888882473789e+124
6.512856607835076e+124
6.512821629846529e+124
6.512783737429672e+124
6.512742704376001e+124
6.512698288375418e+124
6.512650229991211e+124
6.512598251579337e+124
6.512542056149675e+124
6.512481326166918e+124
6.512415722288687e+124
6.512344882038441e+124
6.512268418410715e+124
6.512185918406203e+124
6.512096941494154e+124
6.512001017999548e+124
6.5118976474125325e+124
6.51178629661752e+124
6.511666398039447e+124
6.51153734770463e+124
6.511398503213692e+124
6.511249181624094e+124
6.511088657239769e+124
6.510916159305493e+124
6.510730869603597e+124
6.510531919950749e+124
6.510318389592591e+124
6.5100893024941245e+124
6.509843624523783e+124
6.509580260529356e+124
6.509298051303949e+124
6.508995770440378e+124
6.508672121072531e+124
6.508325732502428e+124
6.507955156711859e+124
6.507558864757759e+124
6.507135243050642e+124
6.506682589515688e+124
6.506199109636354e+124
6.505682912380629e+124
6.5051320060103945e+124
6.504544293774619e+124
6.503917569487523e+124
6.503249512993131e+124
6.502537685518082e+124
6.501779524914917e+124
6.500972340798492e+124
6.500113309578624e+124
6.499199469392507e+124
6.498227714940929e+124
6.497194792232812e+124
6.496097293243111e+124
6.4949316504896405e+124
6.493694131534957e+124
6.492380833419967e+124
6.490987677036544e+124
6.489510401447018e+124
6.487944558159006e+124
6.486285505364697e+124
6.484528402154321e+124
6.482668202714193e+124
6.480699650520355e+124
6.478617272539518e+124
6.476415373449692e+124
6.474088029893483e+124
6.471629084777816e+124
6.469032141634414e+124
6.466290559056104e+124
6.463397445224597e+124
6.4603456525461695e+124
6.457127772412154e+124
6.453736130101909e+124
6.450162779846493e+124
6.446399500071851e+124
6.442437788840912e+124
6.438268859514544e+124
6.433883636651834e+124
6.429272752170588e+124
6.4244265417895065e+124
6.419335041773797e+124
6.413987986006422e+124
6.408374803407476e+124
6.40248461572449e+124
6.396306235716655e+124
6.389828165756165e+124
6.383038596869982e+124
6.375925408245349e+124
6.368476167222437e+124
6.360678129797351e+124
6.352518241658647e+124
6.343983139780219e+124
6.335059154593206e+124
6.325732312759083e+124
6.315988340565772e+124
6.305812667967929e+124
6.295190433292073e+124
6.284106488626421e+124
6.272545405914518e+124
6.26049148377088e+124
6.247928755035873e+124
6.234840995085973e+124
6.221211730914393e+124
6.207024250995834e+124
6.192261615947718e+124
6.176906669998873e+124
6.160942053275086e+124
6.144350214909319e+124
6.127113426982709e+124
6.109213799300632e+124
6.090633295006306e+124
6.071353747032384e+124
6.051356875389017e+124
6.030624305284746e+124
6.00913758607439e+124
5.986878211025901e+124
5.963827637895836e+124
5.939967310300758e+124
5.915278679869485e+124
5.889743229158652e+124
5.863342495311599e+124
5.836058094438068e+124
5.807871746689695e+124
5.778765302003713e+124
5.748720766484768e+124
5.717720329392143e+124
5.685746390697247e+124
5.652781589173605e+124
5.61880883097915e+124
5.583811318688153e+124
5.547772580727712e+124
5.510676501171356e+124
5.472507349840033e+124
5.433249812658536e+124
5.392889022213263e+124
5.351410588455182e+124
5.308800629489892e+124
5.265045802394874e+124
5.220133334002266e+124
5.174051051583931e+124
5.126787413374122e+124
5.078331538863722e+124
5.028673238798932e+124
4.977803044816172e+124
4.925712238644291e+124
4.872392880804343e+124
4.817837838736862e+124
4.762040814286196e+124
4.7049963704713915e+124
4.646699957473195e+124
4.58714793776711e+124
4.52633761033284e+124
4.464267233871276e+124
4.400936048961048e+124
4.336344299087798e+124
4.270493250480702e+124
4.2033852106923374e+124
4.1350235458597056e+124
4.0654126965862825e+124
3.994558192387096e+124
3.9224666646412647e+124
3.849145857998992e+124
3.7746046401928446e+124
3.6988530102060783e+124
3.6219021047539863e+124
3.5437642030375514e+124
3.46445272973222e+124
3.383982256178285e+124
3.302368499743174e+124
3.2196283213299376e+124
3.1357797210102942e+124
3.0508418317648476e+124
2.9648349113173267e+124
2.8777803320543836e+124
2.7897005690262513e+124
2.700619186030101e+124
2.6105608197773843e+124
2.519551162164725e+124
2.427616940636932e+124
2.334785896728896e+124
2.241086762633074e+124
2.1465492362846663e+124
2.0512039537841186e+124
1.9550824623711615e+124
1.8582171856780993e+124
1.760641403073043e+124
1.6623891861757076e+124
1.563495441719779e+124
1.46399567049396e+124
1.3639264641317716e+124
1.2633240654359387e+124
1.1622279926714896e+124
1.0606714040068877e+124
9.587061661441925e+123
8.563370784817266e+123
7.53693884754727e+123
6.505808572388058e+123
5.476556217580191e+123
4.4334333684369835e+123
3.419138571600993e+123
2.3233905859658757e+123
1.4363499078209458e+123
