44.423091625241206
29.011806635559676
23.08464245795449
18.450942287721713
14.75180134193076
11.795730495511531
9.432715764136093
7.543456823852778
6.032813281838481
4.824823572850424
3.858802573919743
3.0862526723691346
2.468407718006377
1.974275814621426
1.5790777114913424
1.2629999218456442
1.0101986770024267
0.8080040102561792
0.6462836235607877
0.5169343818464797
0.41347578259917506
0.3307249224205462
0.26453660529392337
0.21159552595664552
0.16925008672044412
0.13537950223516146
0.10828752115110456
0.08661743157306148
0.06928408645006286
0.05541953969272272
0.04432956700466278
0.035458891601718265
0.028363371679954032
0.022687755654690632
0.018147890384745475
0.014516490849577141
0.011611758276067719
0.00928827648026274
0.007429730363532079
0.00594308181141588
0.004753911267514976
0.0038026916567118338
0.003041808040402029
0.0024331737431221184
0.0019463235677006786
0.001556888612391665
0.0012453763160520236
0.0009961946440474212
0.000796871554219552
0.0006374306615200832
0.0005098918417392765
0.0004078717710010603
0.0003262644017265414
0.0002609853782638383
0.0002087675967889199
0.00016699767477999474
0.00013358514355356506
0.00010685781564509827
8.547808922926662e-05
6.837599994389477e-05
5.469566888124817e-05
4.375246613379044e-05
3.499874569435397e-05
2.799643658526464e-05
2.2395118294068512e-05
1.7914483121723276e-05
1.4330307640810118e-05
1.1463231112959525e-05
9.169779206592717e-06
7.335183754078638e-06
5.867639172517241e-06
4.69370809088913e-06
3.75464623510885e-06
3.003462644967837e-06
2.4025680874767233e-06
1.9218939791437475e-06
1.5373876773905478e-06
1.2298088318763373e-06
9.837665619672705e-07
7.86949273540975e-07
6.295085727324823e-07
5.035664437774222e-07
4.0282102939488817e-07
3.2223128472118375e-07
2.5776472349104277e-07
2.061956350756726e-07
1.6494367121309691e-07
1.319447290240412e-07
1.0554766497224812e-07
8.443167539955076e-08
6.754020493799355e-08
5.4028078991359636e-08
4.321921368198437e-08
3.457278586858483e-08
2.765617192794073e-08
2.212330123477895e-08
1.7697338951981985e-08
1.4156835043248001e-08
1.1324643485802662e-08
9.059058706948884e-09
7.246724771356591e-09
5.796964112396651e-09
4.637240423111042e-09
3.709529112694407e-09
2.9674136238217214e-09
2.373764086898785e-09
1.898878422459232e-09
1.5189969061743787e-09
1.2151134144856196e-09
9.720236504397603e-10
