44.1385648229382
71.90669998179378
143.50562627778314
286.74144457272666
572.9798133800103
1144.9980375099888
2288.138450353717
4572.662461740817
9138.25528784183
18262.628066256737
36497.91217761118
72941.83692747568
145776.87882748072
291342.1763451461
582264.6427050817
1163695.8498924305
2325735.2794872993
4648176.091187169
9289795.741525127
18566536.384123676
37107065.82308695
74162303.07320194
148221282.93188503
296236523.3239455
592062057.1959716
1183304129.069953
2364971924.474287
4726677832.241634
9446835817.778988
18880654314.25313
37735315121.99244
75418718973.41939
150733755030.91086
301260401866.29
602107063095.1339
1203387523943.6733
2405123468133.461
4806946780332.744
9607298801170.809
19201418344932.02
38376497131197.734
76700350138489.4
153295476567196.22
306380624598255.8
612340810787073.4
1223841146207030.2
2446002077097817.5
4888645067228929.0
9770574407823800.0
1.9527721803212404e+16
3.902859760412284e+16
7.800351761995664e+16
1.558997058035416e+17
3.1158479833588576e+17
6.227404501423629e+17
1.244622745926413e+18
2.487529419849249e+18
4.971627091400329e+18
9.936391329017713e+18
1.985905795165343e+19
3.969066794792019e+19
7.9326441854625e+19
1.5854309735958014e+20
3.1686662163051944e+20
6.332940888924853e+20
1.265709838399186e+21
2.529662909251291e+21
5.055812052890174e+21
1.010459601134154e+22
2.0195134510125562e+22
4.036215096671386e+22
8.066805903284256e+22
1.6122361725242155e+23
3.2222220009554536e+23
6.439942604636319e+23
1.287088089298311e+24
2.572374990906186e+24
5.141146918592863e+24
1.0275086259398488e+25
2.0535754313521524e+25
4.104266583135134e+25
8.202763274533881e+25
1.639398399227147e+26
3.2764877113802545e+26
6.548356056182474e+26
1.3087470914451275e+27
2.615645434778844e+27
5.227592325893524e+27
1.0447785410283295e+28
2.088076791344974e+28
4.17319209383495e+28
8.34045935091653e+28
1.6669065223873717e+29
3.331441571402013e+29
6.658138607451356e+29
1.3306784902304355e+30
2.659457856898321e+30
5.315116119779114e+30
1.0622630309128682e+31
2.1230051177321184e+31
4.242967212575631e+31
8.479846073314976e+31
1.6947510758904655e+32
3.387064923303903e+32
6.769253460058572e+32
1.3528750233352063e+33
2.703797915878971e+33
5.403689962254791e+33
1.0799564928283397e+34
2.15834932682814e+34
4.31357000081748e+34
8.620879994072493e+34
1.7229234507190047e+35
3.443340699858742e+35
6.881666761704498e+35
1.375329973022681e+36
2.7486522746251555e+36
5.493287362402013e+36
1.097853662672277e+37
2.194098953676563e+37
4.384979645755477e+37
8.763519703846252e+37
1.7514154048248588e+38
3.500252490041526e+38
6.995345823903139e+38
1.3980368258989274e+39
2.79400795033752e+39
5.583882433744159e+39
1.1159493772750234e+40
2.2302436969289656e+40
4.457175588413766e+40
8.907724160098767e+40
1.7802187424716472e+41
3.557783923476549e+41
7.110257939545847e+41
1.420989045624975e+42
2.8398518773347707e+42
5.6754490528077e+42
1.134238412343331e+43
2.266773106533802e+43
4.530136921384745e+43
9.053451524964968e+43
1.809325089846949e+44
3.615918236913358e+44
7.226369544800797e+44
1.4441799107931755e+45
2.886170593246829e+45
5.76796025134757e+45
1.1527153646766086e+46
2.303676355339987e+46
4.603841945677066e+46
9.20065830490421e+46
1.838725727933234e+47
3.674637949375404e+47
7.343645587326171e+47
1.4676023919830118e+48
2.93294999963077e+48
5.861387749977038e+48
1.171374561256724e+49
2.340942061784519e+49
4.678267824690038e+49
9.349298675055855e+49
1.8684114605099726e+50
3.733924604140507e+50
7.462049021640342e+50
1.4912490530136685e+51
2.9801751686363856e+51
5.9557015794456314e+51
1.1902099850217075e+52
2.3785581443404054e+52
4.753390298651895e+52
9.499323918707665e+52
1.8983725040716765e+53
3.7937585524463186e+53
7.581540383929323e+53
1.5151119673194904e+54
3.0278301784603346e+54
6.050869756715437e+54
1.2092152110690538e+55
2.416511695812279e+55
4.8291834368225605e+55
9.650681938605834e+55
1.928598391409851e+56
3.854118763177442e+56
7.702077416244008e+56
1.539182643711235e+57
3.0758979666301954e+57
6.146857994895241e+57
1.2283833492856299e+58
2.4547888698245755e+58
4.9056194128158234e+58
9.803316812078218e+58
1.9590778834925633e+59
3.9149826482559615e+59
7.823614720393324e+59
1.5634519577481661e+60
3.1243601938799806e+60
6.243629433147075e+60
1.2477069907394994e+61
2.4933747743866138e+61
4.982668293216158e+61
9.957168371094537e+61
1.9897988860135417e+62
3.9763258967593305e+62
7.9461034281145e+62
1.5879100861387874e+63
3.1731971136459135e+63
6.341144376991337e+63
1.2671781559891561e+64
2.5322533689794792e+64
5.060297832635261e+64
1.0112171794040635e+65
2.0207483680590952e+65
4.038122312839372e+65
8.069490878006051e+65
1.6125464423318678e+66
3.222387443629228e+66
6.4393600421392054e+66
1.2867882439808132e+67
2.5714073625917766e+67
5.1384732702263304e+67
1.026825719955581e+68
2.0519122810224678e+68
4.100343653815928e+68
8.193720292189034e+68
1.6373496119326299e+69
3.2719082367752813e+69
6.5382302967035786e+69
1.306527980533187e+70
2.61081811075895e+70
5.2171571238721684e+70
1.0425349235069637e+71
2.0832754763319644e+71
4.1629594656525387e+71
8.318730447254218e+71
1.6623072868829686e+72
3.3217347495992994e+72
6.637705397749213e+72
1.3263873656210481e+73
2.6504655100653256e+73
5.2963089790355346e+73
1.0583366654149044e+74
2.1148216208406358e+74
4.2259369135587383e+74
8.444455335078138e+74
1.687406197540222e+75
3.3718403061618083e+75
6.7377317188537344e+75
1.3463556188044087e+76
2.690327888826567e+76
5.375885269752855e+76
1.0742221877705345e+77
2.1465331089041567e+77
4.289240605804146e+77
8.57082380973923e+77
1.7126320419123547e+78
3.4221961562319002e+78
6.838251465798065e+78
1.3664211222351035e+79
2.7303818928314074e+79
5.455839049558228e+79
1.0901820534690696e+80
2.1783909702833707e+80
4.352832409037374e+80
8.697759217158265e+80
1.7379694113816335e+81
3.4727713263159627e+81
6.939202377767524e+81
1.3865713607219386e+82
2.7706023651142974e+82
5.5361197502985775e+82
1.1062060978238723e+83
2.2103747730686676e+83
4.416671253515776e+83
8.825179004297073e+83
1.7634017122876965e+84
3.523532462301571e+84
7.040517411577251e+84
1.4067928583597833e+85
2.8109622187746036e+85
5.616672926880194e+85
1.122283377334634e+86
2.2424625208486135e+86
4.480712926696349e+86
8.95299430482592e+86
1.7889110827538384e+87
3.5744436624870433e+87
7.142124406468309e+87
1.427071111232784e+88
2.8514323018642486e+88
5.697439985992937e+88
1.1384021152193012e+89
2.2746305433426015e+89
4.544909853627905e+89
9.081109498140217e+89
1.814478304132548e+90
3.6254662997484163e+90
7.243945726976287e+90
1.447390515691607e+91
2.8919812533424272e+91
5.7783578968064765e+91
1.154549643307964e+92
2.306853379692453e+92
4.6092108625310023e+92
9.209421738491965e+92
1.8400827064217357e+93
3.6765588315429683e+93
7.345897881262995e+93
1.467734291681187e+94
2.932575349046854e+94
5.859358881530161e+94
1.1707123398754613e+95
2.3391036535631934e+95
4.6735609338592e+95
9.337820450808724e+95
1.8657020669632158e+96
3.7276765963663493e+96
7.447891112132396e+96
1.4880844005605134e+97
2.9731783365590506e+97
5.940370083579929e+97
1.1868755629590027e+98
2.3713519391406902e+98
4.737900931006875e+98
9.466186789509724e+98
1.8913125016810674e+99
3.778771595169582e+99
7.549828957725204e+99
1.5084214568096367e+100
3.013751257746405e+100
6.021313210902186e+100
1.2030235786676073e+101
2.4035666170332256e+101
4.802167310664418e+101
9.594393056293463e+101
1.9168883480491838e+102
3.829792256103346e+102
7.651607778603756e+102
1.5287246329614757e+103
3.054252257646518e+103
6.102104151765971e+103
1.2191394839415986e+104
2.435713718985301e+104
4.86629181062071e+104
9.722302072462654e+104
1.9424020388942603e+105
3.880683180787808e+105
7.753116247595047e+105
1.5489715570261678e+106
3.0946363782174627e+106
6.182652560046517e+106
1.2352051231618816e+107
2.4677567601931415e+107
4.930201112571558e+107
9.849766500862644e+107
1.9678239660410661e+108
3.931384870104809e+108
7.854234798350922e+108
1.5691382015927437e+109
3.134855335309224e+109
6.262861406681763e+109
1.2512009979394107e+110
2.4996565578707678e+110
4.9938164772074946e+110
9.976628111930786e+110
1.9931223326894812e+111
3.9818334272709017e+111
7.95483502810115e+111
1.5891987636948776e+112
3.174857277012818e+112
6.342626493580249e+112
1.2671061693335329e+113
2.5313710345497545e+113
5.057053348518333e+113
1.0102716987672898e+114
2.01826299327463e+114
4.031960235669867e+114
8.05477904950762e+114
1.6091255344124232e+115
3.214586521310333e+115
6.421835925785953e+115
1.2828981516520054e+116
2.5628550044014322e+116
5.119820923857759e+116
1.0227850656584018e+117
2.0432092793994682e+117
4.081691608594765e+117
8.15391878586181e+117
1.6288887570454067e+118
3.2539832706753663e+118
6.500369537150598e+118
1.2985527968729684e+119
2.594059940642157e+119
5.182021685848783e+119
1.0351833151593006e+120
2.0679218102390817e+120
4.130948407664314e+120
8.252095203086571e+120
1.6484564725387687e+121
3.292983300952213e+121
6.578098264112851e+121
1.3140441685971412e+122
2.6249337218145897e+122
5.2435508916680664e+122
1.0474453982009892e+123
2.092358285592774e+123
4.179645626225719e+123
8.349137471085268e+123
1.6677943506499926e+124
3.33151762146466e+124
6.654883461418299e+124
1.3293444042832378e+125
2.6554203544230485e+125
5.3042960146085146e+125
1.0595487009159651e+126
2.1164732594973032e+126
4.2276919335232485e+126
8.44486204590063e+126
1.686865505132548e+127
3.3695121028605566e+127
6.730576152711947e+127
1.344423564336612e+128
2.685459669029733e+128
5.3641361320663716e+128
1.0714689213858028e+129
2.1402178920046118e+129
4.274989174782829e+129
8.539071662869277e+129
1.7056302909490794e+130
3.406887068672795e+130
6.805016207868679e+130
1.359249466404731e+131
2.7149869864794906e+131
5.422941253207788e+131
1.083179934207619e+132
2.1635396763602735e+132
4.3214318216178264e+132
8.631554229445561e+132
1.7240460812213039e+133
3.4435568459542256e+133
6.878031437662063e+133
1.3737875029762877e+134
2.743932750399435e+134
5.480571578511418e+134
1.0946536412992151e+135
2.186382138382573e+135
4.366906366275211e+135
8.722081604569368e+135
1.742067021258263e+136
3.4794292696021647e+136
6.949436594865418e+136
1.388000440074791e+137
2.7722221214983317e+137
5.536876682121506e+137
1.1058598071063265e+138
2.2086845043214163e+138
4.411290652183625e+138
8.810408249303888e+138
1.7596437565680827e+139
3.514405134101374e+139
7.01903226907736e+139
1.4018481944714271e+140
2.799774528446895e+140
5.59169460643454e+140
1.1167658760683085e+141
2.230381332852166e+141
4.454453131996501e+141
8.896269730891625e+141
1.7767231312344918e+142
3.548377585349566e+142
7.086603660399637e+142
1.415287586402018e+143
2.8265031692257882e+143
5.6448508565245445e+143
1.1273367698289673e+144
2.2514021061080767e+144
4.4962520427956225e+144
8.97938105927072e+144
1.793247852407744e+145
3.5812314439451594e+145
7.151919214483477e+145
1.4282720642418037e+146
2.8523144557480367e+146
5.696157279815386e+146
1.137534661232499e+147
2.2716707737463165e+147
4.536534486272324e+147
9.059434831334118e+147
1.8091561158948705e+148
3.6128424497614077e+148
7.214729098296012e+148
1.440751396948011e+149
2.877107393252884e+149
5.745410813743975e+149
1.1473187216023816e+150
2.2911052429396328e+150
4.575135399459381e+150
9.136099153648256e+150
1.8243811869051526e+151
3.6430764157407324e+151
7.274763492112222e+151
1.4526713292975236e+152
2.900772884375618e+152
5.792392080917942e+152
1.1566448371417597e+153
2.3096168058441517e+153
4.611876398857042e+153
9.209015308793927e+153
inf
inf
inf
inf
inf
inf
inf
inf
inf
inf
inf
inf
inf
inf
inf
inf
inf
inf
inf
inf
inf
inf
inf
inf
inf
inf
inf
inf
inf
inf
inf
inf
inf
inf
inf
inf
inf
inf
inf
inf
inf
inf
inf
inf
inf
inf
inf
inf
inf
inf
inf
inf
inf
inf
inf
inf
inf
inf
inf
inf
inf
inf
inf
inf
inf
inf
inf
inf
inf
inf
inf
inf
inf
inf
inf
inf
inf
inf
inf
inf
inf
inf
inf
inf
inf
inf
inf
inf
inf
inf
inf
inf
inf
inf
inf
inf
inf
inf
inf
inf
inf
inf
inf
inf
inf
inf
inf
inf
inf
inf
inf
inf
inf
inf
inf
inf
inf
inf
inf
inf
inf
inf
inf
inf
inf
inf
inf
inf
inf
inf
inf
inf
inf
inf
inf
inf
inf
inf
inf
inf
inf
inf
inf
inf
inf
inf
inf
inf
inf
inf
inf
inf
inf
inf
inf
inf
inf
inf
inf
inf
inf
inf
inf
inf
inf
inf
inf
inf
inf
inf
inf
inf
inf
inf
inf
inf
inf
inf
inf
inf
inf
inf
inf
inf
inf
inf
inf
inf
inf
inf
inf
inf
inf
inf
inf
inf
inf
inf
inf
inf
inf
inf
inf
inf
inf
inf
inf
inf
inf
inf
inf
inf
inf
inf
inf
inf
inf
inf
inf
inf
inf
inf
inf
inf
inf
inf
inf
inf
inf
inf
inf
inf
inf
inf
inf
inf
inf
inf
inf
inf
inf
inf
inf
inf
inf
inf
inf
inf
inf
inf
inf
inf
inf
inf
inf
inf
inf
inf
inf
inf
inf
inf
inf
inf
inf
inf
inf
inf
inf
inf
inf
inf
inf
inf
inf
inf
inf
inf
inf
inf
inf
inf
inf
inf
inf
inf
inf
inf
inf
inf
inf
inf
inf
inf
inf
inf
inf
inf
inf
inf
inf
inf
inf
inf
inf
inf
inf
inf
inf
inf
inf
inf
inf
inf
inf
inf
inf
inf
inf
inf
inf
inf
inf
inf
inf
inf
inf
inf
inf
inf
inf
inf
inf
inf
inf
inf
inf
inf
inf
inf
inf
inf
inf
inf
inf
inf
inf
inf
inf
inf
inf
inf
inf
inf
inf
inf
inf
inf
inf
inf
inf
inf
inf
inf
inf
inf
inf
inf
inf
inf
inf
inf
inf
inf
inf
inf
inf
inf
inf
inf
inf
inf
inf
inf
inf
inf
inf
inf
inf
inf
inf
inf
inf
inf
inf
inf
inf
inf
inf
inf
inf
inf
inf
inf
inf
inf
inf
inf
inf
inf
inf
inf
inf
inf
inf
inf
inf
inf
inf
inf
inf
inf
inf
inf
inf
inf
inf
inf
inf
inf
inf
inf
inf
inf
inf
inf
inf
inf
inf
inf
inf
inf
inf
inf
inf
inf
inf
inf
inf
inf
inf
inf
inf
inf
inf
inf
inf
inf
inf
inf
inf
inf
inf
inf
inf
inf
inf
inf
inf
inf
inf
inf
inf
inf
inf
inf
inf
inf
inf
inf
inf
inf
inf
inf
inf
inf
inf
inf
inf
inf
inf
inf
inf
