44.423091625241206
24.16357751584173
16.023605812914255
10.6712372554455
7.109142071772534
4.736735547879715
3.156276632655423
2.103260162544638
1.401607363789105
0.9340522825065951
0.6224791757181102
0.41484464299886903
0.27647244901103735
0.18425656665623263
0.12279992048028933
0.08184207056649888
0.0545453930399606
0.0363531549782203
0.02422860407747024
0.016147923038661787
0.010762340345290363
0.007172959189288515
0.0047806992679450145
0.0031862935133428385
0.002123641985841606
0.0014153957624467755
0.000943355641795117
0.0006287440695597436
0.00041905706838651745
0.00027930145150676863
0.00018615465926091944
0.00012407242548381222
0.00008269461523820984
0.000055116260473935104
0.00003673523082045459
0.000024484220567896177
0.000016318876007707026
0.000010876636688620261
0.000007249355454499429
0.00000483175090212258
0.000003220401529123829
0.0000021464255895362793
0.0000014306123064474848
0.0000009535168330149046
0.0000006355285186037964
0.0000004235863725985949
0.0000002823248837478099
0.00000018817267779154725
0.00000012541924714463041
0.00000008359340556762321
0.00000005571601435119401
0.00000003713541217071645
0.000000024751221194763267
0.00000001649700780557753
0.00000001099547224475264
0.000000007328628971599074
0.000000004884630705231501
0.000000003255673797265721
0.0000000021699521776743798
0.0000000014463039626280694
0.0000000009639823845846563
