iters: 60	time: 0.219
0.09197090798568093
-0.13146996779606568
0.17920602246946954
-0.17753952268015838
0.15669276641470353
-0.10034758106633049
0.031241388794425624
0.04665651096786319
-0.11415045267093353
0.16271583699540354
-0.18147800586316515
0.16855446891701048
-0.1253030483969703
0.0600190564057214
0.016087179464489645
-0.0892341436563447
0.14658534683927668
-0.17784070711960215
0.17751382470541896
-0.14561821271997616
0.08785182855679104
-0.014463374035733362
-0.061491048860819575
0.1265191544824973
-0.16905782579381584
0.1815495327307901
-0.1617718893441852
0.11324153307947474
-0.044583337908275136
-0.03199885111179098
0.10289372688988319
-0.15550023117601447
0.1804682669122621
-0.1733599278467978
0.13543871164172835
-0.07344467314516032
-0.0016033722962697228
0.07636644220470286
-0.13755617609592943
0.17429675029437075
-0.1800579094098442
0.15381567133142143
-0.10023431550646078
0.02883736555430013
0.04768512307953642
-0.11573208259690097
0.1632088826117683
-0.1816770211221752
0.16785398121665715
-0.12419666246529118
0.058464694105783775
0.017658758481604662
-0.09064355247155448
0.14751740903200172
-0.17817159846802455
0.17715766141984868
-0.1446558143149415
0.08644291864507682
-0.0128657037866935
-0.06299825441964209
0.1276649359862499
-0.16964051859348758
0.181464284382508
-0.16103468320677383
0.11198286188690872
-0.04302726524446574
-0.03357597488218808
0.10421143892331805
-0.15632441628901111
0.18065237388539487
-0.17287127306360692
0.1343641228161259
-0.07197516365115991
-0.0032066232988223003
0.0778184668071584
-0.13859889668016298
0.1747448313550451
-0.17983171112691387
0.15295539685737913
-0.09889287035980827
0.027253176985494836
0.049230481895796444
-0.11696394060639168
0.16390828987968936
-0.18171966545595525
0.16723228297722637
-0.12302112200931514
0.05694425135411678
0.019253860815063487
-0.09202980174360167
0.14844841401657682
-0.17848188283102062
0.17679207537837416
-0.1436793369422917
0.08502910851687469
-0.011265850775354736
-0.06449979327831452
0.12880127796166607
-0.1702096908583184
0.18136512255638787
-0.16028481226082322
0.11071556349024722
-0.04146778835037904
-0.035150449667373976
0.10552106527593108
-0.15713642190708957
0.18082243331567896
-0.1723691600320338
0.13327908262993343
-0.07050005078473284
-0.004809623057225268
0.07926443712008018
-0.13963083154154018
0.17517931520311217
-0.17959151903008483
0.15208322043313904
-0.09754372978898232
0.025666867806503124
0.050772009920340054
-0.11818669709280996
0.16459494273052866
-0.18174816935315516
0.16659757165302796
-0.12183600872203922
0.05541937751871765
0.020847464921764113
-0.09340888976235986
0.14936786756526255
-0.17877827871747198
0.1764127323529765
-0.14269167923569087
0.0836086818925371
-0.009665121117514212
-0.0659963131186865
0.1299275973319731
-0.17076561834361356
0.18125184789661272
-0.15952246883467627
0.10943964981899978
-0.03990508466167412
-0.03672218923840225
0.10682248056115717
-0.15793620003535885
0.18097842214137208
-0.17185363418297434
0.13218367140051646
-0.06901945199313214
-0.006412248557282857
0.08070423951162055
-0.1406519011016153
0.17560016756291924
-0.17933735211162127
0.15119920973136783
-0.09618699890301843
0.024078561373403806
0.05230958714706202
-0.11940025694221279
0.16526878771060502
-0.18176253061008557
0.16594989662452764
-0.12064141482844146
0.053890191252978836
0.022439446793712438
-0.09478070921642893
0.15027569813020308
-0.17906076306416535
0.17601966186159798
-0.14169291804949985
0.08218174930164668
-0.008063639373245666
-0.06748769748991398
0.13104380645315888
-0.1713082577901943
0.181124469217571
-0.15874771224970793
0.10815522015772339
-0.03833927577934
-0.03829107129117071
0.10811558351003328
-0.158723688439497
0.18112032822428317
-0.17132473563180764
0.13107797436673563
-0.06753348248839111
-0.00801437509151672
0.08213776194429723
-0.14166202590638607
0.17600735568605644
-0.1790692301493913
0.1503034335409032
-0.09482278327523236
0.02248838127944455
0.053843093930181676
-0.12060452572206506
0.165929772385018
-0.18176274810923265
0.16528930829022434
-0.11943743328523086
0.05235681154974264
0.024029682551658386
-0.09614515335838404
0.15117183506903029
-0.1793293138897266
0.17561289449081666
-0.1406831311018064
0.0807484217802286
-0.00646153016102687
-0.06897383034068946
0.1321498184679851
-0.17183756697285119
0.18098299643116908
-0.15796060279320318
0.10686237445365113
-0.036770483545989066
-0.039856973743929804
0.10940027350041884
-0.1594988258414992
0.18124814052206323
-0.17078250553450242
0.12996207756783656
-0.06604225790046205
-0.009615877991275034
0.08356489286929994
-0.14266112735351055
0.17640084788738958
-0.1787871740071673
0.14939596156610851
-0.0934511890613611
0.02089645126367109
0.05537241094065788
-0.12179940972281134
0.1665778453195854
-0.18174882183367178
0.16461585805345932
-0.1182241577796117
0.050819357728161554
0.025618048452224772
-0.09750211601470646
0.15205620864930944
-0.17958391029701143
0.17519246189302617
-0.13966239696866217
0.07930881086192644
-0.004858918148161665
-0.07045459602835005
0.13324554731269597
-0.17235350470366267
0.18082744054603903
-0.1571612017136793
0.10556121330890614
-0.03519883003638165
-0.041419774746786
0.1106764505648234
-0.16026155192444727
0.18136184908906422
-0.1702269860844146
0.12883606783675453
-0.06454589426821881
-0.011216632636433835
0.08498552123517009
-0.14364912769842386
0.17678061354752547
-0.17849120563300278
0.14847686442144853
-0.0920723229913025
0.01930289520129836
0.05689741917547449
-0.12298481596516805
0.1672129560848452
-0.18172075286706904
0.16392959831841622
-0.11700168272199307
0.049277949424413485
0.027204420897536476
-0.09885149159404538
0.15292875005396547
-0.1798245324747314
0.17475839678397273
-0.1386307950779684
0.07786302856932287
-0.003255928041079159
-0.07192987932787576
0.1343309077237153
-0.17285603083519963
0.18065781366668202
-0.15634957121611986
0.10425183797267326
-0.03362443754792677
-0.04297935269118351
0.11194401539818544
-0.16101180733720366
0.1814614450771125
-0.16965822050900434
0.12770003279335715
-0.06304450803042752
-0.012816514465094232
0.08639953649644247
-0.14462595006038761
0.17714662311519472
-0.1781813480575246
0.14754621362599452
-0.09068629236081027
0.017707837094071248
0.05841799996690048
-0.12416065220735854
0.16783505525998016
-0.18167854339359651
0.1632305824860432
-0.11577010323864242
0.047732706582392384
0.028788676444838013
-0.10019317509543454
0.15378939138663797
-0.1800511616989957
0.17431073294020943
-0.13758840570329545
0.07641118740522299
-0.0016526845756295746
-0.07339956544085584
0.13540581524428136
-0.17334510626364982
0.18047412899252638
-0.15552577445713434
0.10293435033332055
-0.032047428591165675
-0.04453558621936715
0.11320286936559976
-0.16174953369902959
0.18154692073619744
-0.1690762530664722
0.1265540608376268
-0.06153821601668551
-0.014415398983274999
0.08780682862224726
-0.14559151842847234
0.17749884810955113
-0.1778576253921405
0.14660408159785918
-0.08929320502314467
0.016111401060615548
0.0599340349917241
-0.1253268269522906
0.16844409443666308
-0.1816221966977627
0.16251886494989745
-0.11452951516428352
0.0461837494443748
0.030370691816099287
-0.10152706211646272
0.1546380656769646
-0.18026378033476773
0.17384950519646786
-0.13653530995763596
0.07495340034389981
-0.00004931250737811588
-0.07486354000442175
0.13647018623101848
-0.17382069293186048
0.18027640081690044
-0.1546898755400437
0.10160885291047057
-0.030467925880238868
-0.04608835423382585
0.1144529145099927
-0.16247467360412768
0.18161826941507472
-0.16848112904231516
0.12539824114278147
-0.06002713543833068
-0.01601316177460017
0.08920728810487186
-0.1465457576674724
0.17783726112238812
-0.17752006282716307
0.14565054164856153
-0.0878931693806799
0.014513711326779661
0.06144540628046008
-0.1264832494546767
0.16904002622282385
-0.18155171716415672
0.16179450109191287
-0.11328001503463887
0.04463119854166331
0.03195034390760833
-0.10285304886139776
0.15547470688579218
-0.18046237183723784
0.1733747494429476
-0.13547158978709356
0.07348978082230333
0.0015540633981028285
-0.07632168910014617
0.13752393786044617
-0.17428275383229969
0.18006464452592053
-0.15384193950989192
0.10027544884702325
-0.028886052323336853
-0.04763753590671557
0.11569405355974469
-0.16318717062610955
0.18167548556178356
-0.16787289474580294
0.12423266364833588
-0.058511383879320644
-0.0176096785099804
0.09060080596828235
-0.14748859352375251
0.17816183582027117
-0.17716868662984953
0.14468566797732194
-0.08648629437646904
0.012914892215968001
0.06295199622652933
-0.1276298297280949
0.16962280424633716
-0.1814671102771072
0.16105754727809024
-0.1120217000789181
0.04307517468520739
0.03352750979955048
-0.10417103214926363
0.15629924991031557
-0.18064692075311048
0.17288650262252325
-0.13439732796450576
0.07202044273123345
0.0031573183749423334
-0.07777389926290765
0.1385669881354236
-0.1747312530099363
0.17983887659729336
-0.15298203234838484
0.09893424190112947
-0.027301931013136493
-0.049183010689261744
0.11692618993625921
-0.16388696932238606
0.18171856472407893
-0.16725159750637436
0.1230574190531029
-0.05699107928708293
-0.01920482495728752
0.09198727377660329
-0.14841995263102573
0.17847254694658718
-0.176803524142358
0.1437095356652886
-0.08507268948576657
0.011315068139466897
0.06445368759541056
-0.12876647855199122
0.17019238315863108
-0.18136838262025556
0.1603080608541113
-0.11075466821225191
0.04151579895620273
0.035102066765573585
-0.10548090942186883
0.15711163058914374
-0.18081741272180665
0.17238480272786993
-0.13331260808300355
0.07054550040647754
0.004760327666679417
-0.07922005748971972
0.13959925589153038
-0.17516615556503767
0.1795991145990342
-0.15211022096875568
0.09758533643811765
-0.025715685217222256
-0.05072465832113944
0.11814922776147826
-0.16457401523848172
0.18174750354977798
-0.16661728566995432
0.12187259880813595
-0.05546633996333696
-0.02079847699102161
0.09336658364255575
-0.14933976251606235
0.1787693703235098
-0.1764246037796194
0.14272222066969503
-0.08365246470750956
0.009714363586763563
0.06595036353376268
-0.1298931074786224
0.17074871863821567
-0.1812555418760436
0.15954610014087653
-0.10947901802807299
0.03995319269666916
0.03667389228233757
-0.10678257875178762
0.1579117857072921
-0.1809738344765816
0.17186968879850673
-0.13221751454950628
0.0690650686199136
0.0063629665359709875
-0.08066005124852411
0.14062066080338237
-0.17558742765588525
0.17934537718809945
-0.1512265732105584
0.09622883742237207
-0.02412743836849453
-0.05226235883983162
0.11936307186534281
-0.16524825491227224
0.18176229978702088
-0.165970008595192
0.12067829510961267
-0.05393728455488862
-0.02239051060196978
0.09473862823585226
-0.15024795160432952
0.17905228285388075
-0.17603195502712682
0.1417237998179496
-0.08222573055575824
0.008112903115859042
0.06744190757851776
-0.13100962883993833
0.1712917673941318
-0.18112859682511576
0.15877172442996662
-0.10819484879044394
0.03838747750000863
0.03824286403904876
-0.10807593885029096
0.15869965300110198
-0.181116173845557
0.17134120091775898
-0.13111213257815368
0.0675792625705792
0.007965110274298165
-0.0820937684869476
0.14163112339088188
-0.17599503650140802
0.17907768410893526
-0.1503311578343885
0.09486485040916567
-0.022537314055564417
-0.05379599258996366
0.12056762779319867
-0.16590963587814428
0.1817629522844461
-0.1653098166496198
0.11947460089166073
-0.0524040320443976
-0.023980801906855923
0.09610330079154886
-0.15114444922556078
0.17932126252300695
-0.1756256084386408
0.140714350801657
-0.08079259805109643
0.006510811343575724
0.06892820366594354
-0.13211595575440382
0.17182148716932008
-0.1809875573456358
0.15798499397902913
-0.1069022604263331
0.03681877520154345
0.03980885994697733
-0.10936088907522834
0.15947517116308535
-0.18124441975266808
0.17079938020963908
-0.12999654818367506
0.06608819787570748
0.00956663421167045
-0.08352109764102106
0.14263056502540278
-0.17638895038373345
0.17879605619194083
-0.14942404451653257
0.09349348153644599
-0.02094543601313702
-0.055325440232614556
0.12176280181314617
-0.16655810667107837
0.1817494609912799
-0.16463676120573423
0.1182616098191263
-0.050866701741118944
-0.02556922715798048
0.09746049511835295
-0.15202918561925502
0.17957628840037396
-0.17520559563381208
0.13969395217057295
-0.07935317871199246
0.0049082129358603704
0.07040913614067483
-0.13321200213375944
0.17233783674390873
-0.18083243441251828
0.15718597000708906
-0.10560135351783888
0.03524720786903566
0.04137175814895759
-0.11063732943885925
0.16023827984669553
-0.18135856221852556
0.17024426883564672
-0.12887084817469588
0.06459199056173034
0.01116741372632685
-0.08494192764386091
0.14361890793590856
-0.17676913865065558
0.17850051535184755
-0.14850530384354682
0.09211483751657604
-0.019351928112383062
-0.056850582754603064
0.12294850092333398
-0.16719361683065345
0.18172182695734024
-0.16395089463699827
0.11703941628028544
-0.0493254132716191
-0.02715566275285
0.09881010560688644
-0.15290209194010512
0.17981734064127433
-0.1747719492957209
0.1386626833264919
-0.07790758454612143
0.00330523259808342
0.07188458976471326
-0.13429768268972006
0.17284077593842145
-0.1806632400965744
0.15637471468978575
-0.10429222929436291
0.033672897793188494
0.04293143702887023
-0.11190516061563367
0.160988919671023
-0.18145859236119224
0.16967590999148774
-0.12773512014698313
0.06309075705524993
0.012767324254433169
-0.08635614793431165
0.14459607521500423
-0.17713557171802002
0.17819108458601374
-0.1475750073067638
0.09072902562803073
-0.01775691435129977
-0.05837130147774876
0.12412463285919603
-0.1678161169049736
0.18168005233295526
-0.16325227031376616
0.11580811537949934
-0.04778028657046715
-0.02873998524379509
0.10015202723790366
-0.15376310026335488
0.18004440048835202
-0.17432470316833393
0.13762062451706816
-0.07645592804164947
0.00170199506533487
0.07335444972639431
-0.1353729129406121
0.17333026561690348
-0.1804799875635728
0.15555129115453412
-0.10297498962473288
0.032095967478130316
0.04448777522110585
-0.1131642839499211
0.16172703222541612
-0.181544502396874
0.1690943479037131
-0.12658945247662876
0.06158461417397898
0.014366241299775045
-0.08776364846554918
0.14556199082492088
-0.1774882210720262
0.17786778797263533
-0.14663322729672978
0.0893361537070491
-0.016160518845062147
-0.05988747806810675
0.12529110610063093
-0.16842555845451582
0.18162414036879587
-0.16254094259912993
0.11456780292981401
-0.04623144187090221
-0.030322071347576446
0.10148615559046344
-0.15461214359008474
0.18025745027306184
-0.17386389205387834
0.1365678568295718
-0.07499832215848039
0.00009862509271834213
0.07481860164932157
-0.1364376092179468
0.17380626768996751
-0.180282691073215
0.15471576347561286
-0.10164973700927585
0.03051653963188211
0.04604065162000897
-0.11441460146368716
0.16245256007402634
-0.18161628564052565
0.16849962782627742
-0.12543393431317296
0.06007367911765077
0.01596404044344544
-0.08916431971364396
0.14651657960343237
-0.17782705927144613
0.1775306506688718
-0.14568003709757166
0.08793633013924282
-0.014562865816364966
-0.061398994545175924
0.1264478298791238
-0.16902189405589954
0.1815540954156228
-0.16181696684468966
0.11331857544550446
-0.04467899969547745
-0.03190179795497801
0.10281238685005471
-0.15544915585242516
0.18045647341704452
-0.17338955181013385
0.13550446218457857
-0.07353488031946587
-0.0015047525543569252
0.07627693160126656
-0.13749168867293132
0.17426874511775714
-0.18007136597802598
0.15386819666917834
-0.1003165745718421
0.028934737156808908
0.04758994538930171
-0.115656015864118
0.16316544676027747
-0.18167393650637104
0.1678917960370174
-0.12426865557266706
0.05855806945889906
0.017560597353526178
-0.09055805268608366
0.14745976726970414
-0.1781520599497597
0.17717969890888904
-0.14471551088129414
0.08652966385116245
-0.012964079585756474
-0.06290573329107944
0.12759471418480903
-0.16960507730557686
0.18146992292394803
-0.16108039938624613
0.11206053013456448
-0.043123080846681885
-0.03347904214038684
0.10413061781667439
-0.15627407191869774
0.18064145443341637
-0.17290171934764254
0.13443052332959549
-0.07206571640157959
-0.0031080131098844667
0.07772932610303451
-0.1385350692829153
0.1747176619128293
-0.1798460287221591
0.15300865668820543
-0.0989756060517806
0.027350683140056304
0.049135535971486746
-0.11688843055119084
0.1638656368112589
-0.18171745050833765
0.16727089983405102
-0.12309370693067638
0.057037903134109634
0.01915578779476303
-0.0919447389302542
0.14839148043007339
-0.1784631978172063
0.17681496000181765
-0.14373972370200847
0.08511626430182134
-0.011364284561964444
-0.0644075770597172
0.1287316697734746
-0.17017506282344325
0.18137162944361068
-0.1603312975394171
0.11079376489114248
-0.04156380639754004
-0.03505368117135831
0.10544074591285826
-0.15708682759848322
0.18081237892797491
-0.17240043262683633
0.133346123832622
-0.07059094472705567
-0.0047110318169691495
0.07917567213729482
-0.13956766985777352
0.17515298314295463
-0.17960669684011704
0.1521372104173554
-0.09762693579586662
0.025764500843972426
0.0506773030972283
-0.11811174962519114
0.16455307574204214
-0.1817468242604059
0.16663698753209671
-0.12190917981522506
0.055513298434242596
0.020749487638232623
-0.09332427054187918
0.14931164658375998
-0.17876044866275298
0.17643646232962792
-0.14275275149009178
0.08369624147417805
-0.00976360523221537
-0.06590440898588924
0.12985860817350642
-0.1707318062563691
0.18125922262326735
-0.15956971959517724
0.10951837828792407
-0.040001297682190705
-0.036625592518166564
0.10674266919166268
-0.15788735964761672
0.18096923360031855
-0.17188573065508353
0.13225134807564687
-0.06911068005449306
-0.006313683937535267
0.08061585715737507
-0.1405894100462236
0.1755746749338357
-0.17935338895538702
0.1512539256677714
-0.09627066875018216
0.02417631369651636
0.052215126794710874
-0.11932587789417459
0.16522771005992054
-0.18176205547687233
0.16599010845871404
-0.12071516639968097
0.053984373995628124
0.02234157287100178
-0.0946965401734162
0.15022019412850812
-0.17904378935597817
0.17604423534492145
-0.14175467104627892
0.08226970586657811
-0.00816216615254756
-0.06739611259438946
0.1309754416927729
-0.1712752642816505
0.18113271120979696
-0.15879572481532234
0.10823446956846139
-0.038435676286445494
-0.03819465386333907
0.10803628634459775
-0.15867560577310869
0.1811120062448817
-0.17135765348365303
0.13114628124808228
-0.06762503756992544
-0.007915844762032798
0.08204976909601909
-0.14160021034207865
0.1759827044717427
-0.17908612477899175
0.15035887117180158
-0.09490691045194935
0.02258624528165367
0.05374888739897489
-0.12053072088137481
0.16588948726857183
-0.18176314297252766
0.1653303129504652
-0.11951175959558347
0.052451248790734636
0.023931919605777504
-0.09606144104240996
0.15111705236615827
-0.17931319784887162
0.17563830956863918
-0.1407455600356859
0.08083676848415573
-0.006560091938118846
-0.06888257180906929
0.13208208342544844
-0.17180539461038105
0.18099210504761992
-0.15800937342785792
0.10694213863945072
-0.03686706403832761
-0.03976074311117472
0.10932149670951044
-0.1594515046379926
0.1812406857518844
-0.17081624220459832
0.1300310093401346
-0.06613413287785827
-0.009517389619141703
0.08347729637410727
-0.14259999209043378
0.17637704000606713
-0.1788049251079556
0.149452116577651
-0.0935357670213184
0.020994419329739784
0.05527846556122819
-0.12172618483255479
0.16653835587214316
-0.181750086662749
0.1646576523489982
-0.11829905304541377
0.05091404211891095
0.025520404090547
-0.09741886693980187
0.15200215150814816
-0.17956865317755008
0.17521871658768656
-0.13972549698176676
0.0793975408301959
-0.004957507253509819
-0.07036367096186986
0.13317844725877614
-0.17232215599074197
0.18083741507793252
-0.1572107266223125
0.10564148606295828
-0.03529558299859189
-0.041323738397244625
0.11059820027841757
-0.16021499586609755
0.18135526210819716
-0.17026153894755935
0.12890561913611356
-0.06463808199227286
-0.011118193885473065
0.08489832790933913
-0.14358867749378673
0.1767576508517924
-0.17850981182368622
0.14853373244396176
-0.09215734515310972
0.019400959707891973
0.05680374225813323
-0.12291217672330232
0.16717426537925795
-0.1817228875635064
0.16397217899705147
-0.11707714111530806
0.04937287359710317
0.027106902718207558
-0.09876871223819414
0.1528754226809436
-0.17981013546388858
0.17478548905247543
-0.13869456126020308
0.07795213489745786
-0.0033545368030229424
-0.0718392948018228
0.13426444787976852
-0.17282550821121234
0.18066865333785506
-0.15639984654497627
0.10433261304859498
-0.033721355451226766
-0.04288351809787497
0.11186629770528793
-0.16096602004674654
0.1814557263981197
-0.16969358687648473
0.12777019820767863
-0.06313700132759906
-0.012718132995266779
0.08631275312487696
-0.1445661896180917
0.17712450739188132
-0.178200807890272
0.14760379023432252
-0.09077175210851166
0.017805990410350664
0.05832459880106876
-0.12408860426626882
0.16779716630694524
-0.1816815477912837
0.16327394623438124
-0.11584611888771426
0.0478278631505467
0.028691292036184913
-0.10011087190006969
0.15373679793139755
-0.18003762591706737
0.17433866067438347
-0.1376528330927275
0.07650066315946043
-0.0017513053209789547
-0.07330932850401842
0.13534000078184605
-0.17331541210369825
0.18048583295949547
-0.15557679629406518
0.10301562144564076
-0.032144503893938706
-0.044439960839611034
0.11312569031377287
-0.1617045187393794
0.18154207080407503
-0.16911243018627245
0.12662483490702514
-0.06163100768965617
-0.01431708245008426
0.08772046195795066
-0.1455324523987457
0.17747758107958114
-0.17787793735269491
0.14666236231170798
-0.08937909570673386
0.016209635548831012
0.05984091684536561
-0.12525537591835043
0.16840701018448984
-0.18162607056291408
0.1625630083936105
-0.1146060821539936
0.04627913100343434
0.03027344875603962
-0.10144524148596498
0.15458621023203833
-0.18025110683503384
0.17387826622313104
-0.13660039354088127
0.07504323856172998
-0.00014793756201053748
-0.07477365767854065
0.13640502227141324
-0.1737918295465804
0.18028896816892748
-0.15474163991481094
0.10169061373511952
-0.030565151028620164
-0.04599294550866187
0.11437628010488457
-0.16243043447810057
0.18161428860721754
-0.16851811409933146
0.1254696183600088
-0.06012021826656426
-0.015914917828496654
0.08912134486842166
-0.1464873906465078
0.17781684444064444
-0.1775412253349598
0.1457095219328472
-0.08797948431661765
0.014612019342864971
0.061352578399515426
-0.12641240088781144
0.1690037495572043
-0.18155646019532948
0.16183942079600158
-0.11335712740696631
0.044726797669561155
0.031853249763060774
-0.10277171716259743
0.15542359348628482
-0.18045056160588022
0.1734043415240754
-0.1355373244997065
0.07357997451301154
0.0014554417086452636
-0.07623216837936833
0.13745942947437095
-0.17425472346768056
0.18007807428508346
-0.15389444239447736
0.10035769302182443
-0.02898341975180156
-0.04754235126032458
0.11561796976462216
-0.16314371077615017
0.18167237418795618
-0.16791068486206204
0.1243046384592108
-0.058604750619624744
-0.01751151479576619
0.09051529284730726
-0.14743093005334956
0.17814227107546737
-0.17719069803813897
0.14474534324252405
-0.08657302684820298
0.013013266110135502
0.06285946583435234
-0.12755958914134932
0.16958733799012138
-0.18147272210522483
0.1611032397471509
-0.11209935183340332
0.043170983942946606
0.03343057212584596
-0.10409019571094494
0.15624888253359007
-0.18063597470913614
0.17291692345542317
-0.13446370869137358
0.07211098487644405
0.003058707724855611
-0.07768474711324191
0.13850314034256528
-0.17470405784714657
0.1798531677185624
-0.15303526965730357
0.09901696302629477
-0.027399433145088258
-0.04908805752838803
0.1168506626715436
-0.16384429213030033
0.1817163230263913
-0.16729018974125784
0.12312998585694254
-0.05708472267417271
-0.019106749113521525
0.09190219742526284
-0.14836299719823773
0.17845383566114387
-0.17682638273833368
0.14376990126780714
-0.08515983274425404
0.011413500256802636
0.06436146189220605
-0.1286968514111005
0.17015773007160753
-0.1813748628086365
0.16035452253260804
-0.11083285330646361
0.041611810888435206
0.03500529310586725
-0.10540057453427773
0.15706201315451143
-0.1808073317169765
0.17241604994536042
-0.13337962965874417
0.07063638396070009
0.004661735729300523
-0.0791312808484947
0.13953607366017215
-0.17513979772025487
0.17961426597035307
-0.15216418855937391
0.09766852807674524
-0.02581331446558286
-0.05062994403451432
0.11807426290428488
-0.16453212402517334
0.1817461317026667
-0.16665667702042722
0.1219457519581919
-0.055560252710400417
-0.0207004966494251
0.09328195068102244
-0.149283519552847
0.178751513953436
-0.17644830778455142
0.14278327191221174
-0.08374001197174272
0.00981284626782301
0.06585844969602629
-0.1298240992015866
0.17071488141689647
-0.18126288992043532
0.1595933274134177
-0.10955773037807828
0.04004939983227582
0.03657729016702197
-0.10670275166614203
0.1578629220757082
-0.18096461929534383
0.17190175996910168
-0.13228517175887025
0.06915628651109107
0.0062644009831807875
-0.0805716570238485
0.14055814905001698
-0.1755619091801315
0.17936138763047207
-0.1512812668834158
0.09631249310094744
-0.02422518713629429
-0.05216789079759869
0.11928867524902317
-0.16520715293748486
0.1817617978972348
-0.16601019599603786
0.12075202891350816
-0.054031459354156805
-0.022292633386837558
0.09465444524978886
-0.15019242548721562
0.1790352827886433
-0.1760565025965262
0.14178553194975502
-0.08231367501334805
0.008211428697181087
0.06735031275835873
-0.13094124479677244
0.1712587486712962
-0.18113681215408883
0.15881971362107564
-0.10827408227201822
0.03848387235161549
0.03814644098362017
-0.1079966257805545
0.15865154697154535
-0.18110782520989113
0.17137409353856498
-0.13118042016733333
0.06767080768424606
0.007866578751158529
-0.08200576359475117
0.14156928692259763
-0.17597035946782472
0.17909455224259913
-0.15038657353906587
0.09494896330207388
-0.02263517522296011
-0.05370177889265161
0.12049380405099697
-0.16586932812377791
0.18176331763771986
-0.16535080122541285
0.11954890304461196
-0.052498471713249936
-0.023883051110088906
0.09601955010928367
-0.15108968170666723
0.17930506223900117
-0.17565108706130442
0.14077662085393788
-0.08088114639509629
0.006609042130711623
0.06883642491768975
-0.13204898961245176
0.17178807107786812
-0.18099852249357065
0.15803083078525698
-0.10698650736970128
0.036908397549482136
0.03970187745936535
-0.1092987047044125
0.15940215625149481
-0.18127661190443464
0.17077176870595395
-0.1301602270228551
0.06603355803921906
0.009241815145218138
-0.0837835957127742
0.1420291404922343
-0.1772025481566036
0.17752630738466874
-0.15148948687562985
0.09052768706069221
-0.025914683818427098
-0.062315214274841255
0.10947654047565017
-0.18180257047038878
0.1479245946167326
-0.18797556951866162
