44.1385648229382
48.124334133724695
63.8913473862711
85.16003855481537
113.51922820493658
151.3248011597274
201.72310567200475
268.9089199088461
358.474514776914
477.8751985819428
637.049989644141
849.2490840353953
1132.1370134781093
1509.2633463400025
2012.0233898203194
2682.2721534305483
3575.8092307275792
4767.024777904651
6355.093453551075
8472.23208522021
11294.708679799322
15057.519507255987
20073.956440983067
26761.693970135257
35677.56822357343
47563.944175274155
63410.53221721912
84536.80185392198
112701.855538201
150250.91247852118
200310.60105160956
267049.3231581291
356024.3729790294
474644.71744092356
632787.9779831836
843622.995140584
1124706.4785284793
1499445.0709451793
1999044.5875356167
2665108.763814743
3553103.9389181794
4736978.217822825
6315319.804767816
8419567.387479784
11224956.354251273
14965112.47723502
19951508.47241187
26599403.85015398
35462428.431648806
47278689.797570184
63032244.71423408
84035054.18692896
112036247.79595213
149367797.46848655
199138733.26853135
265494076.7151499
353960057.2981471
471904364.19269
629149766.2269521
838792206.9337041
1118291511.9464014
1490925551.551985
1987728973.0431964
2650077976.9854374
3533136420.2059135
4710450268.014224
6280073064.1723
8372732605.954951
11162719024.551193
14882401138.764555
19841580152.128456
26453292671.298447
35268212196.14478
47020514411.93715
62689026454.13997
83578753348.2594
111429572085.97359
148561146655.074
198066134276.20685
264067775406.2303
352063322780.39557
469381914566.38336
625795029130.7257
834330367971.4928
1112356957647.2903
1483031852402.824
1977228938362.8923
2636110496421.742
3514555719122.502
4685731756390.275
6247188031560.519
8328981449707.736
11104509283466.371
14804952057978.527
19738529452642.29
26316173139861.668
35085754983805.844
46777721647573.83
62365936764551.875
83148798560187.0
110857389678830.38
147799667654757.8
197052706526300.47
262719002591214.03
350268193638590.06
466992655672563.8
622614926803398.4
830097554758656.2
1106722825813694.9
1475532313377003.8
1967246156575254.0
2622821939596308.0
3496866319911846.5
4662183585750529.0
6215840027230236.0
8287249270130157.0
1.1048952064109406e+16
1.473098846107544e+16
1.9640059560387304e+16
2.6185074962235964e+16
3.491121399243174e+16
4.6545337949831e+16
6.2056536156905384e+16
8.273684922691555e+16
1.1030889370842304e+17
1.4706935313575552e+17
1.9608028816711194e+17
2.614242018024592e+17
3.4854410645230234e+17
4.646969202660169e+17
6.195579604455652e+17
8.260268876514737e+17
1.1013022365076215e+18
1.4683140404924595e+18
1.9576338888816008e+18
2.610021523697793e+18
3.4798201087383434e+18
4.639482997659435e+18
6.185609082779258e+18
8.246989472262406e+18
1.0995335788830575e+19
1.465958376490956e+19
1.954496363524106e+19
2.605842590789369e+19
3.4742540505784816e+19
4.632069311423841e+19
6.175734364392283e+19
8.233836641615474e+19
1.0977816451805284e+20
1.4636248110977566e+20
1.9513880408717155e+20
2.6017022512045952e+20
3.4687389996557854e+20
4.624723044067282e+20
6.165948763087564e+20
8.220801617589632e+20
1.096045285735897e+21
1.4613118365209094e+21
1.9483069432223383e+21
2.5975979105927577e+21
3.4632715523254707e+21
4.617439729711593e+21
6.156246418616986e+21
8.207876709393644e+21
1.094323491130473e+22
1.4590181277588812e+22
1.9452513311515208e+22
2.5935272852574815e+22
3.4578487100174686e+22
4.610215430748043e+22
6.146622159761833e+22
8.19505512507362e+22
1.092615369214996e+23
1.4567425128301057e+23
1.942219664931195e+23
2.589488352148026e+23
3.452467814403813e+23
4.603046653771806e+23
6.137071395309682e+23
8.182330830098423e+23
1.0909201267635233e+24
1.4544839489680378e+24
1.939210573636502e+24
2.585479308760647e+24
3.447126495343112e+24
4.5959302819932733e+24
6.127590026283515e+24
8.169698433362379e+24
1.0892370546650959e+25
1.4522415033820683e+25
1.936222830146479e+25
2.5814985406495515e+25
3.4418226286516054e+25
4.588863520341244e+25
6.118174374566771e+25
8.15715309437251e+25
1.0875655158530916e+26
1.4500143375570135e+26
1.9332553307192797e+26
2.5775445948526933e+26
3.436554301523418e+26
4.581843850459966e+26
6.1088211243274306e+26
8.144690446996328e+26
1.0859049353776667e+27
1.447801694326394e+27
1.930307078158086e+27
2.573616157966523e+27
3.4313197839708717e+27
4.574868993502871e+27
6.099527273541615e+27
8.132306536293672e+27
1.0842547921735294e+28
1.4456028871427394e+28
1.9273771678246646e+28
2.5697120379121433e+28
3.42611750505066e+28
4.567936879132082e+28
6.090290093565152e+28
8.11999776578732e+28
1.0826146121818742e+29
1.4434172911048082e+29
1.9244647759326467e+29
2.5658311486600243e+29
3.4209460329301274e+29
4.56104561950286e+29
6.081107095177051e+29
8.107760853137069e+29
1.0809839625636082e+30
1.4412443354021507e+30
1.921569149681902e+30
2.5619724973465364e+30
3.4158040580611494e+30
4.554193487286159e+30
6.071975999870922e+30
8.095592792634875e+30
1.0793624467992582e+31
1.4390834969124535e+31
1.9186895988917583e+31
2.558135173339539e+31
3.4106903788888115e+31
4.54737889698815e+31
6.06289471543519e+31
8.083490823279571e+31
1.0777497005148405e+32
1.4369342947435143e+32
1.9158254888635925e+32
2.554318338904023e+32
3.405603889642896e+32
4.540600388981165e+32
6.053861315063389e+32
8.071452401448057e+32
1.0761453879063094e+33
1.434796285554792e+33
1.9129762342587857e+33
2.5505212211904285e+33
3.400543569852393e+33
4.533856615779569e+33
6.044874019389683e+33
8.059475177378513e+33
1.0745491986607903e+34
1.432669059526463e+34
1.9101412938207413e+34
2.546743105323272e+34
3.395508475294653e+34
4.52714633018619e+34
6.035931180963552e+34
8.047556974834539e+34
1.0729608452927035e+35
1.430552236869645e+35
1.9073201658027953e+35
2.5429833284107207e+35
3.390497730146024e+35
4.520468375006516e+35
6.027031270770358e+35
8.035695773439225e+35
1.0713800608283354e+36
1.4284454647914364e+36
1.9045123839898787e+36
2.5392412743292474e+36
3.3855105201444726e+36
4.513821674084186e+36
6.018172866477179e+36
8.023889693262358e+36
1.0698065967846901e+37
1.4263484148443023e+37
1.9017175142221933e+37
2.535516369164106e+37
3.3805460866089607e+37
4.507205224455874e+37
6.009354642141327e+37
8.0121369813188195e+37
1.068240221398082e+38
1.4242607806018735e+38
1.8989351513455127e+38
2.531808077207445e+38
3.3756037211877543e+38
4.5006180894591e+38
6.0005753591646985e+38
8.000435999695953e+38
1.0666807180657375e+39
1.4221822756132815e+39
1.8961649165257434e+39
2.5281158974328102e+39
3.3706827612298596e+39
4.4940593926551047e+39
5.99183385831429e+39
7.988785215075722e+39
1.0651278839698734e+40
1.4201126315962324e+40
1.8934064548758796e+40
2.52443936037845e+40
3.365782585691381e+40
4.487528312451797e+40
5.983129052659042e+40
7.97718318945614e+40
1.063581528858763e+41
1.4180515968356e+41
1.8906594333519972e+41
2.5207780253828206e+41
3.360902611503072e+41
4.481024077330566e+41
5.974459921297341e+41
7.965628571908254e+41
1.0620414739634042e+42
1.4159989347596223e+42
1.887923538881864e+42
2.5171314781248288e+42
3.3560422903370274e+42
4.474545961595982e+42
5.965825503769607e+42
7.954120091230547e+42
1.0605075510317956e+43
1.4139544226701667e+43
1.8851984766954744e+43
2.513499328428627e+43
3.3512011057201e+43
4.468093281579936e+43
5.957224895066455e+43
7.942656549384094e+43
1.058979601465527e+44
1.4119178506071695e+44
1.8824839688314187e+44
2.5098812082990114e+44
3.3463785704496574e+44
4.461665392242101e+44
5.948657241156631e+44
7.931236815609183e+44
1.0574574755457588e+45
1.4098890203302572e+45
1.879779752796992e+45
2.5062767701583792e+45
3.34157422427369e+45
4.4552616841173015e+45
5.940121734969822e+45
7.919859821138818e+45
1.0559410317374857e+46
1.407867744403092e+46
1.8770855803630605e+46
2.502685685260546e+46
3.3367876318030213e+46
4.448881580567304e+46
5.931617612779122e+46
7.908524554436521e+46
1.0544301360626294e+47
1.4058538453680553e+47
1.874401216477483e+47
2.4991076422601724e+47
3.3320183806277373e+47
4.442524535300737e+47
5.923144150935415e+47
7.897230056896265e+47
1.0529246615337846e+48
1.4038471550005576e+48
1.8717264382831063e+48
2.4955423459194742e+48
3.3272660796139196e+48
4.436190030129828e+48
5.914700662912722e+48
7.885975418950722e+48
1.0514244876415995e+49
1.4018475136338017e+49
1.8690610342282697e+49
2.4919895159364885e+49
3.3225303573600183e+49
4.4298775729367395e+49
5.906286496628972e+49
7.874759776541394e+49
1.0499294998897e+50
1.3998547695459855e+50
1.866404803259379e+50
2.4884488858811173e+50
3.317810860794874e+50
4.42358669582613e+50
5.897901032011408e+50
7.86358230791015e+50
1.0484395893718498e+51
1.3978687784030511e+51
1.863757554086452e+51
2.484920202227132e+51
3.313107253901818e+51
4.4173169534434227e+51
5.8895436787798485e+51
7.852442230677228e+51
1.0469546523867709e+52
1.3958894027509041e+52
1.861119104513729e+52
2.4814032234696864e+52
3.308419216555272e+52
4.411067921440931e+52
5.881213874424376e+52
7.841338799174827e+52
1.0454745900865715e+53
1.3939165115518555e+53
1.8584892808284206e+53
2.4778977193193125e+53
3.3037464434578657e+53
4.404839195076251e+53
5.8729110823569706e+53
7.830271302009542e+53
1.0439993081552744e+54
1.3919499797606494e+54
1.855867917241538e+54
2.4744034699644028e+54
3.299088643167696e+54
4.398630387929219e+54
5.8646347902191245e+54
7.819239059829997e+54
1.042528716514348e+55
1.3899896879360092e+55
1.853254855375453e+55
2.4709202653952096e+55
3.29444553720651e+55
4.3924411307253625e+55
5.856384508329629e+55
7.808241423278895e+55
1.041062729052503e+56
1.3880355218841365e+56
1.8506499437935235e+56
2.467447904783179e+56
3.289816859240729e+56
4.386271070255208e+56
5.848159768258504e+56
7.797277771111219e+56
1.039601263377364e+57
1.3860873723309933e+57
1.8480530375675844e+57
2.4639861959101732e+57
3.285202354328166e+57
4.380119868380112e+57
5.839960121514861e+57
7.786347508462343e+57
1.0381442405868721e+58
1.3841451346205736e+58
1.8454639978796938e+58
2.460534954642761e+58
3.280601778224054e+58
4.373987201116184e+58
5.831785138337597e+58
7.775450065251649e+58
1.0366915850585442e+59
1.3822087084366849e+59
1.8428826916548252e+59
2.45709400444729e+59
3.2760148967408354e+59
4.36787275778899e+59
5.823634406579367e+59
7.76458489470893e+59
1.0352432242549037e+60
1.380277997546036e+60
1.8403089912216197e+60
2.4536631759419325e+60
3.271441485156617e+60
4.361776240252456e+60
5.8155075306750296e+60
7.753751472012189e+60
1.0337990885435787e+61
1.378352909560661e+61
1.837742773998639e+61
2.450242306482297e+61
3.26688132766791e+61
4.355697362166014e+61
5.807404130686999e+61
7.742949293026689e+61
1.032359111030761e+62
1.3764333557179257e+62
1.8351839222037788e+62
2.4468312397776096e+62
3.2623342168825907e+62
4.349635848324871e+62
5.79932384142048e+62
7.732177873136177e+62
1.0309232274067984e+63
1.3745192506765641e+63
1.8326323225847953e+63
2.443429825534703e+63
3.2577999533495848e+63
4.343591434038601e+63
5.791266311602486e+63
7.7214367461582e+63
1.0294913758028843e+64
1.3726105123273048e+64
1.8300878661691125e+64
2.4400379191274183e+64
3.253278345122013e+64
4.3375638645539143e+64
5.783231203119084e+64
7.710725463336152e+64
1.0280634966578594e+65
1.3707070616168655e+65
1.8275504480312077e+65
2.436655381289207e+65
3.248769207350963e+65
4.331552894517796e+65
5.775218190305867e+65
7.700043592401539e+65
1.0266395325942781e+66
1.3688088223841521e+66
1.825019967076128e+66
2.433282077827e+66
3.24427236190729e+66
4.325558287477603e+66
5.767226959287183e+66
7.689390716700605e+66
1.0252194283029604e+67
1.3669157212076475e+67
1.8224963258377533e+67
2.4299178793545337e+67
3.239787637029082e+67
4.3195798154150516e+67
5.7592572073601e+67
7.678766434379897e+67
1.023803130435324e+68
1.365027687263074e+68
1.8199794302906184e+68
2.426562661043549e+68
3.235314866992753e+68
4.313617258311328e+68
5.75130864241942e+68
7.668170357626033e+68
1.0223905875028665e+69
1.3631446521904884e+69
1.8174691896741774e+69
2.423216302391446e+69
3.230853891805767e+69
4.307670403740823e+69
5.7433809824204174e+69
7.657602111955314e+69
1.0209817497832247e+70
1.3612665499700514e+70
1.8149655163285263e+70
2.4198786870040187e+70
3.226404556919363e+70
4.301739046491168e+70
5.735473954876416e+70
7.64706133554919e+70
1.0195765692322912e+71
1.359393316805801e+71
1.8124683255406822e+71
2.4165497023921474e+71
3.221966712959643e+71
4.2958229882076037e+71
5.727587296388329e+71
7.636547678632031e+71
1.0181749994019094e+72
1.3575248910167903e+72
1.8099775354005783e+72
2.4132292397813424e+72
3.217540215475609e+72
4.289922037059667e+72
5.719720752203833e+72
7.626060802887999e+72
1.0167769953627359e+73
1.355661212935033e+73
1.80749306666608e+73
2.409917193933129e+73
3.213124924702931e+73
4.2840360074286653e+73
5.71187407580383e+73
7.615600380913936e+73
1.0153825136318583e+74
1.3538022248097502e+74
1.80501484263628e+74
2.406613462977445e+74
3.2087207053421374e+74
4.2781647196142275e+74
5.704047028514237e+74
7.605166095705681e+74
1.013991512104825e+75
1.351947870717433e+75
1.8025427890324987e+75
2.403317948255163e+75
3.20432742635028e+75
4.272307999558587e+75
5.696239379141133e+75
7.594757640175317e+75
1.0126039499917648e+76
1.3500980964773089e+76
1.8000768338864196e+76
2.400030554170063e+76
3.1999449607450073e+76
4.2664656785873284e+76
5.688450903627625e+76
7.584374716697041e+76
1.0112197877572869e+77
1.3482528495717957e+77
1.797616907434822e+77
2.396751188049506e+77
3.195573185420188e+77
4.260637593165352e+77
5.6806813847309e+77
7.574017036679731e+77
1.0098389870639008e+78
1.3464120790716254e+78
1.795162942020454e+78
2.393479760013233e+78
3.1912119809722453e+78
4.254823584666993e+78
5.672930611717926e+78
7.563684320164133e+78
1.0084615107187071e+79
1.3445757355652618e+79
1.792714871998623e+79
2.3902161828497124e+79
3.1868612315364504e+79
4.249023499159327e+79
5.665198380078596e+79
7.553376295443108e+79
1.0070873226231127e+80
1.3427437710923508e+80
1.7902726336490787e+80
2.3869603718994767e+80
3.1825208246325064e+80
4.243237187197717e+80
5.657484491255028e+80
7.543092698703304e+80
1.0057163877253975e+81
1.3409161390809031e+81
1.7878361650928398e+81
2.383712244945021e+81
3.1781906510187404e+81
4.2374645036327714e+81
5.649788752386e+81
7.532833273686687e+81
1.0043486719758972e+82
1.3390927942879556e+82
1.785405406213647e+82
2.380471722106773e+82
3.1738706045543636e+82
4.231705307427953e+82
5.642110976065396e+82
7.522597771370762e+82
1.0029841422846543e+83
1.3372736927435013e+83
1.7829802985836814e+83
2.3772387257447366e+83
3.1695605820692485e+83
4.2259594614871204e+83
5.634450980113854e+83
7.51238594966609e+83
1.001622766481365e+84
1.335458791697436e+84
1.7805607853933288e+84
2.3740131803654743e+84
3.1652604832406825e+84
4.220226832491323e+84
5.626808587362609e+84
7.502197573130056e+84
1.0002645132774651e+85
1.3336480495693465e+85
1.7781468113846652e+85
2.370795012534021e+85
3.16097021047675e+85
4.214507290744307e+85
5.619183625448853e+85
7.492032412695793e+85
9.989093522302291e+85
1.3318414259009602e+86
1.7757383227884705e+86
2.3675841507904336e+86
3.1566896688057733e+86
4.208800710026107e+86
5.611575926621797e+86
7.481890245415312e+86
9.975572537087411e+86
1.3300388813110612e+87
1.7733352672645206e+87
2.3643805255707055e+87
3.152418765771552e+87
4.203106967454236e+87
5.603985327558804e+87
7.471770854215891e+87
9.962081888616239e+87
1.3282403774527473e+88
1.770937593844942e+88
2.3611840691317317e+88
3.148157411333947e+88
4.1974259433519965e+88
5.5964116691909115e+88
7.461674027668945e+88
9.948621295864158e+88
1.326445876972856e+89
1.7685452528804758e+89
2.3579947154800968e+89
3.1439055177745503e+89
4.1917575211234914e+89
5.588854796537225e+89
7.45159955977059e+89
9.935190485004981e+89
1.3246553434734376e+90
1.766158195989416e+90
2.35481240030444e+90
3.139662999607043e+90
4.186101587134844e+90
5.581314558547545e+90
7.441547249733145e+90
9.921789189134668e+90
1.3228687414751522e+91
1.763776376009117e+91
2.3516370609111783e+91
3.135429773492045e+91
4.1804580306013836e+91
5.573790807952847e+91
7.431516901786955e+91
9.908417148008697e+91
1.3210860363824714e+92
1.7613997469498698e+92
2.3484686361633935e+92
3.1312057581561184e+92
4.1748267434802707e+92
5.56628340112303e+92
7.42150832499189e+92
9.895074107792325e+92
1.3193071944505667e+93
1.7590282639510332e+93
2.345307066422686e+93
3.126990874314703e+93
4.1692076203683985e+93
5.55879219793156e+93
7.411521333057991e+93
9.881759820822738e+93
1.3175321827538025e+94
1.756661883239263e+94
2.34215229349383e+94
3.1227850445987693e+94
4.1636005584051585e+94
5.551317061626611e+94
7.401555744174609e+94
9.868474045382778e+94
1.3157609691557317e+95
1.7543005620887465e+95
2.3390042605720492e+95
3.1185881934849226e+95
4.1580054571798174e+95
5.543857858708292e+95
7.391611380847717e+95
9.85521654548513e+95
1.3139935222804974e+96
1.7519442587833046e+96
2.3358629121927776e+96
3.1144002472288305e+96
4.1524222186432304e+96
5.536414458811628e+96
7.381688069744791e+96
9.84198709066677e+96
1.3122298114855816e+97
1.749592932580249e+97
2.33272819418377e+97
3.110221133801712e+97
4.146850747023687e+97
5.528986734594979e+97
7.371785641546862e+97
9.828785455792825e+97
1.3104698068358058e+98
1.7472465436759222e+98
2.329600053619396e+98
3.10605078282976e+98
4.141290948746586e+98
5.521574561633557e+98
7.361903930807357e+98
9.81561142086946e+98
1.308713479078514e+99
1.7449050531728046e+99
2.3264784387770403e+99
3.10188912553633e+99
4.135742732357775e+99
5.514177818317796e+99
7.352042775817375e+99
9.802464770865153e+99
1.3069607996198916e+100
1.7425684230481035e+100
2.3233632990954466e+100
3.0977360946867137e+100
4.13020600845035e+100
5.506796385756285e+100
7.342202018476933e+100
9.7893452955401e+100
1.3052117405023323e+101
1.7402366161237455e+101
2.320254585134945e+101
3.093591624535398e+101
4.124680689594698e+101
5.499430147683005e+101
7.33238150417201e+101
9.776252789283104e+101
1.303466274382816e+102
1.7379095960377097e+102
2.317152248539421e+102
3.0894556507756325e+102
4.119166690271641e+102
5.492078990368671e+102
7.322581081656971e+102
9.763187050955652e+102
1.3017243745122296e+103
1.7355873272165997e+103
2.3140562419999588e+103
3.0853281104912136e+103
4.113663926808482e+103
5.484742802535932e+103
7.312800602942093e+103
9.75014788374278e+103
1.2999860147155898e+104
1.7332697748494214e+104
2.310966519220047e+104
3.081208942110352e+104
4.108172317317825e+104
5.4774214752782317e+104
7.303039923185946e+104
9.737135095010366e+104
1.2982511693731174e+105
1.730956904862472e+105
2.3078830348822926e+105
3.077098085361513e+105
4.1026917816390215e+105
5.470114901982124e+105
7.293298900592397e+105
9.724148496168472e+105
1.2965198134021092e+106
1.7286486838953131e+106
2.304805744616542e+106
3.072995481231147e+106
4.0972222412820776e+106
5.462822978252894e+106
7.2835773963119485e+106
9.71118790254052e+106
1.294791922239591e+107
1.7263450792777405e+107
2.3017346049693454e+107
3.068901071923166e+107
4.0917636193739304e+107
5.455545601843325e+107
7.273875274347206e+107
9.698253133237872e+107
1.293067471825675e+108
1.7240460590077298e+108
2.2986695733746818e+108
3.064814800820144e+108
4.086315840606964e+108
5.448282672585338e+108
7.264192401462274e+108
9.685344011039698e+108
1.2913464385876269e+109
1.7217515917302834e+109
2.295610608125923e+109
3.060736612446087e+109
4.080878831189632e+109
5.441034092324558e+109
7.254528647095854e+109
9.672460362277631e+109
1.2896287994245683e+110
1.719461646717147e+110
2.292557668348907e+110
3.056666452430745e+110
4.07545251879911e+110
5.4337997648574405e+110
7.244883883277963e+110
9.659602016725291e+110
1.287914531692811e+111
1.7171761938473545e+111
2.2895107139761341e+111
3.052604267475354e+111
4.0700368325358357e+111
5.42657959587103e+111
7.235257984549876e+111
9.646768807492109e+111
1.2862036131917798e+112
1.7148952035885404e+112
2.286469705721978e+112
3.0485500053197677e+112
4.06463170287992e+112
5.419373492885045e+112
7.225650827887381e+112
9.633960570921488e+112
1.2844960221504953e+113
1.7126186469790137e+113
2.2834346050588957e+113
3.0445036147108747e+113
4.0592370616492285e+113
5.41218136519633e+113
7.21606229262705e+113
9.621177146492934e+113
1.2827917372145903e+114
1.7103464956105305e+114
2.2804053741945677e+114
3.0404650453722817e+114
4.05385284195915e+114
5.405003123825447e+114
7.206492260395347e+114
9.608418376728062e+114
1.2810907374338355e+115
1.7080787216117447e+115
2.2773819760499397e+115
3.036434247975166e+115
4.048478978183947e+115
5.397838681465375e+115
7.196940615040579e+115
9.59568410710025e+115
1.2793930022501532e+116
1.705815297632288e+116
2.2743643742381083e+116
3.0324111741102577e+116
4.043115405919542e+116
5.390687952432148e+116
7.187407242567398e+116
9.582974185947733e+116
1.277698511486087e+117
1.7035561968274843e+117
2.2713525330440154e+117
3.028395776260908e+117
4.03776206194779e+117
5.38355085261744e+117
7.17789203107387e+117
9.570288464390073e+117
1.2760072453337086e+118
1.7013013928436264e+118
2.2683464174049265e+118
3.024388007777156e+118
4.032418884202086e+118
5.376427299442912e+118
7.168394870690862e+118
9.55762679624777e+118
1.2743191843439569e+119
1.699050859803817e+119
2.265345992891631e+119
3.0203878228508066e+119
4.0270858117342514e+119
5.369317211816264e+119
7.158915653523773e+119
9.544989037964862e+119
1.2726343094163639e+120
1.696804572294342e+120
2.2623512256903616e+120
3.016395176491404e+120
4.0217627846826707e+120
5.362220510088978e+120
7.14945427359638e+120
9.532375048534439e+120
1.270952601789165e+121
1.6945625053515445e+121
2.2593620825853703e+121
3.012410024503136e+121
4.0164497442416177e+121
5.355137116015553e+121
7.1400106267968e+121
9.519784689426903e+121
1.2692740430297814e+122
1.692324634449186e+122
2.2563785309421484e+122
3.0084323234625382e+122
4.011146632631698e+122
5.348066952714304e+122
7.130584610825401e+122
9.507217824520831e+122
1.2675986150256391e+123
1.6900909354862667e+123
2.2534005386912675e+123
3.0044620306970624e+123
4.005853393071356e+123
5.341009944629537e+123
7.121176125144624e+123
9.494674320036365e+123
1.2659262999753325e+124
1.6878613847752882e+124
2.250428074312798e+124
3.000499104264372e+124
4.0005699697494123e+124
5.3339660174951045e+124
7.111785070930597e+124
9.482154044471e+124
1.2642570803800917e+125
1.6856359590309374e+125
2.2474611068212784e+125
2.996543502932413e+125
3.9952963077986266e+125
5.326935098299276e+125
7.10241135102649e+125
9.469656868537644e+125
1.2625909390355703e+126
1.6834146353591724e+126
2.2444996057512408e+126
2.992595186160183e+126
