iters: 1000	time: 1.06302
1.9146105964149754e+123
3.0970092381821037e+123
4.557608968347816e+123
5.909635099601668e+123
7.300089403058982e+123
8.672056337226897e+123
1.0046528334935032e+124
1.1414739734198024e+124
1.2779299802601527e+124
1.41384793701383e+124
1.5492214728857613e+124
1.6839814771638782e+124
1.8180837762556791e+124
1.9514757179484744e+124
2.0841090152449042e+124
2.215934915244584e+124
2.3469061181352704e+124
2.4769761149412135e+124
2.606099508802821e+124
2.734231957801534e+124
2.861330259544351e+124
2.9873523786640296e+124
3.1122574931040507e+124
3.236006030115467e+124
3.3585597029923846e+124
3.4798815442616825e+124
3.599935936900388e+124
3.718688642924779e+124
3.8361068295555514e+124
3.952159092843395e+124
4.0668154787702123e+124
4.1800475017998464e+124
4.291828160876599e+124
4.402131952869014e+124
4.510934883465136e+124
4.618214475530453e+124
4.723949774945985e+124
4.828121353949592e+124
4.930711312009231e+124
5.031703274262368e+124
5.131082387560975e+124
5.228835314166681e+124
5.32495022314552e+124
5.4194167795163845e+124
5.5122261312117625e+124
5.603370893913536e+124
5.692845133830605e+124
5.780644348488807e+124
5.866765445607041e+124
5.951206720136762e+124
6.033967829544824e+124
6.115049767422392e+124
6.194454835504937e+124
6.272186614190446e+124
6.348249931644755e+124
6.422650831584439e+124
6.495396539828919e+124
6.566495429714414e+124
6.635956986463027e+124
6.703791770600678e+124
6.770011380517712e+124
6.834628414265903e+124
6.897656430685194e+124
6.959109909952875e+124
7.01900421364704e+124
7.077355544415046e+124
7.134180905336401e+124
7.189498059067948e+124
7.243325486857468e+124
7.295682347509893e+124
7.346588436388246e+124
7.396064144529059e+124
7.4441304179496425e+124
7.49080871722199e+124
7.536120977385323e+124
7.580089568266495e+124
7.622737255274495e+124
7.664087160732245e+124
7.704162725805723e+124
7.742987673087309e+124
7.780585969886881e+124
7.816981792280977e+124
7.852199489966906e+124
7.886263551965364e+124
7.919198573211723e+124
7.951029222072715e+124
7.981780208821954e+124
8.011476255104274e+124
8.040142064415588e+124
8.067802293621674e+124
8.094481525536033e+124
8.120204242573771e+124
8.144994801495356e+124
8.168877409251039e+124
8.191876099933716e+124
8.214014712845181e+124
8.235316871677883e+124
8.255805964811595e+124
8.275505126721826e+124
8.294437220494297e+124
8.3126248214374455e+124
8.33009020178258e+124
8.346855316459263e+124
8.362941789931363e+124
8.378370904077359e+124
8.393163587096658e+124
8.407340403422036e+124
8.420921544616724e+124
8.43392682123329e+124
8.44637565561009e+124
8.458287075579938e+124
8.469679709064545e+124
8.480571779527314e+124
8.490981102256301e+124
8.500925081448343e+124
8.510420708064847e+124
8.519484558429134e+124
8.528132793534904e+124
8.536381159035065e+124
8.544244985879927e+124
8.551739191573773e+124
8.558878282018663e+124
8.56567635391448e+124
8.572147097684364e+124
8.578303800894908e+124
8.58415935214076e+124
8.589726245363694e+124
8.5950165845766e+124
8.600042088963381e+124
8.604814098326228e+124
8.609343578852438e+124
8.613641129173468e+124
8.617716986689708e+124
8.621581034135127e+124
8.625242806356697e+124
8.628711497284342e+124
8.631995967067886e+124
8.63510474935841e+124
8.63804605871218e+124
8.640827798096281e+124
8.643457566475837e+124
8.645942666463738e+124
8.648290112014548e+124
8.650506636145251e+124
8.652598698666327e+124
8.65457249390757e+124
8.656433958423919e+124
8.658188778667471e+124
8.659842398612648e+124
8.661400027322402e+124
8.662866646444147e+124
8.664247017624874e+124
8.66554568983582e+124
8.66676700659768e+124
8.66791511309823e+124
8.66899396319494e+124
8.67000732629579e+124
8.670958794112286e+124
8.67185178727928e+124
8.672689561836822e+124
8.673475215569949e+124
8.674211694202813e+124
8.674901797444161e+124
8.675548184881725e+124
8.676153381723515e+124
8.676719784384589e+124
8.677249665918217e+124
8.677745181290869e+124
8.678208372500806e+124
8.678641173540481e+124
8.679045415203227e+124
8.679422829735133e+124
8.67977505533322e+124
8.680103640491424e+124
8.68041004819598e+124
8.680695659972236e+124
8.680961779785003e+124
8.681209637794773e+124
8.681440393972336e+124
8.681655141574496e+124
8.681854910483666e+124
8.682040670414283e+124
8.682213333989116e+124
8.682373759688567e+124
8.682522754676183e+124
8.682661077503661e+124
8.682789440698645e+124
8.682908513238681e+124
8.683018922914697e+124
8.683121258587422e+124
8.683216072340108e+124
8.683303881530952e+124
8.683385170748622e+124
8.68346039367419e+124
8.683529974852817e+124
8.683594311378484e+124
8.683653774494994e+124
8.683708711116416e+124
8.68375944527017e+124
8.683806279465761e+124
8.68384949599225e+124
8.68388935814734e+124
8.683926111401025e+124
8.683959984496606e+124
8.683991190491755e+124
8.684019927742395e+124
8.684046380831884e+124
8.684070721448086e+124
8.684093109210737e+124
8.684113692451454e+124
8.6841326089487e+124
8.68414998661986e+124
8.684165944172588e+124
8.68418059171745e+124
8.684194031343849e+124
8.68420635766109e+124
8.684217658306452e+124
8.684228014421976e+124
8.684237501101647e+124
8.684246187810595e+124
8.68425413877782e+124
8.68426141336393e+124
8.684268066405265e+124
8.68427414853578e+124
8.684279706487934e+124
8.684284783373807e+124
8.68428941894761e+124
8.684293649850672e+124
8.684297509839958e+124
8.684301030001106e+124
8.684304238946947e+124
8.684307163002353e+124
8.684309826376315e+124
8.684312251321999e+124
8.684314458285585e+124
8.684316466044578e+124
8.684318291836256e+124
8.68431995147693e+124
8.684321459472599e+124
8.684322829121534e+124
8.68432407260941e+124
8.684325201097393e+124
8.684326224803714e+124
8.684327153079163e+124
8.684327994476923e+124
8.684328756817113e+124
8.684329447246435e+124
8.68433007229327e+124
8.684330637918509e+124
8.684331149562485e+124
8.68433161218821e+124
8.68433203032126e+124
8.68433240808649e+124
8.684332749241866e+124
8.684333057209558e+124
8.684333335104592e+124
8.684333585761147e+124
8.68433381175674e+124
8.684334015434434e+124
8.684334198923216e+124
8.684334364156716e+124
8.68433451289035e+124
8.684334646717044e+124
8.684334767081632e+124
8.68433487529406e+124
8.684334972541438e+124
8.684335059899105e+124
8.68433513834071e+124
8.684335208747438e+124
8.684335271916459e+124
8.684335328568596e+124
8.684335379355373e+124
8.68433542486541e+124
8.684335465630257e+124
8.684335502129726e+124
8.684335534796728e+124
8.684335564021703e+124
8.684335590156604e+124
8.684335613518587e+124
8.68433563439329e+124
8.684335653037881e+124
8.68433566968378e+124
8.684335684539153e+124
8.684335697791156e+124
8.684335709607995e+124
8.68433572014077e+124
8.68433572952516e+124
8.684335737882939e+124
8.684335745323357e+124
8.684335751944383e+124
8.684335757833834e+124
8.684335763070397e+124
8.684335767724528e+124
8.68433577185931e+124
8.684335775531189e+124
8.684335778790643e+124
8.684335781682807e+124
8.684335784248017e+124
8.684335786522293e+124
8.684335788537805e+124
8.684335790323257e+124
8.684335791904262e+124
8.684335793303651e+124
8.684335794541777e+124
8.684335795636772e+124
8.684335796604785e+124
8.684335797460188e+124
8.68433579821577e+124
8.684335798882902e+124
8.684335799471698e+124
8.68433579999114e+124
8.68433580044921e+124
8.684335800852995e+124
8.684335801208772e+124
8.68433580152213e+124
8.684335801798005e+124
8.684335802040786e+124
8.68433580225435e+124
8.684335802442139e+124
8.68433580260719e+124
8.684335802752205e+124
8.684335802879558e+124
8.684335802991352e+124
8.684335803089453e+124
8.684335803175498e+124
8.68433580325094e+124
8.684335803317055e+124
8.684335803374976e+124
8.684335803425697e+124
8.684335803470092e+124
8.684335803508933e+124
8.684335803542906e+124
8.684335803572607e+124
8.684335803598557e+124
8.684335803621227e+124
8.68433580364102e+124
8.684335803658297e+124
8.684335803673367e+124
8.684335803686511e+124
8.684335803697966e+124
8.68433580370795e+124
8.684335803716642e+124
8.684335803724214e+124
8.6843358037308e+124
8.684335803736528e+124
8.68433580374151e+124
8.684335803745843e+124
8.684335803749604e+124
8.684335803752873e+124
8.684335803755709e+124
8.68433580375817e+124
8.684335803760304e+124
8.684335803762155e+124
8.68433580376376e+124
8.68433580376515e+124
8.684335803766352e+124
8.684335803767393e+124
8.684335803768295e+124
8.684335803769073e+124
8.68433580376975e+124
8.68433580377033e+124
8.684335803770831e+124
8.684335803771265e+124
8.684335803771641e+124
8.684335803771962e+124
8.684335803772242e+124
8.684335803772483e+124
8.68433580377269e+124
8.684335803772868e+124
8.684335803773022e+124
8.684335803773152e+124
8.684335803773266e+124
8.684335803773364e+124
8.684335803773447e+124
8.684335803773518e+124
8.684335803773582e+124
8.684335803773635e+124
8.68433580377368e+124
8.684335803773717e+124
8.684335803773751e+124
8.684335803773781e+124
8.684335803773806e+124
8.684335803773826e+124
8.684335803773845e+124
8.68433580377386e+124
8.684335803773875e+124
8.684335803773886e+124
8.684335803773896e+124
8.684335803773905e+124
8.684335803773913e+124
8.684335803773916e+124
8.684335803773924e+124
8.684335803773928e+124
8.684335803773931e+124
8.684335803773933e+124
8.684335803773935e+124
8.684335803773939e+124
8.684335803773939e+124
8.684335803773943e+124
8.684335803773943e+124
8.684335803773945e+124
8.684335803773946e+124
8.684335803773946e+124
8.684335803773946e+124
8.68433580377395e+124
8.68433580377395e+124
8.68433580377395e+124
8.68433580377395e+124
8.68433580377395e+124
8.68433580377395e+124
8.684335803773954e+124
8.684335803773954e+124
8.684335803773954e+124
8.684335803773954e+124
8.684335803773954e+124
8.684335803773954e+124
8.684335803773954e+124
8.684335803773954e+124
8.684335803773956e+124
8.684335803773956e+124
8.684335803773956e+124
8.684335803773956e+124
8.684335803773956e+124
8.684335803773956e+124
8.684335803773956e+124
8.684335803773956e+124
8.684335803773956e+124
8.684335803773956e+124
8.684335803773956e+124
8.684335803773956e+124
8.684335803773956e+124
8.684335803773956e+124
8.684335803773956e+124
8.684335803773956e+124
8.684335803773956e+124
8.684335803773956e+124
8.684335803773956e+124
8.684335803773956e+124
8.684335803773956e+124
8.684335803773956e+124
8.684335803773956e+124
8.684335803773956e+124
8.684335803773956e+124
8.684335803773956e+124
8.684335803773956e+124
8.684335803773956e+124
8.684335803773956e+124
8.684335803773956e+124
8.684335803773956e+124
8.684335803773956e+124
8.684335803773956e+124
8.684335803773956e+124
8.684335803773956e+124
8.684335803773956e+124
8.684335803773956e+124
8.684335803773956e+124
8.684335803773956e+124
8.684335803773956e+124
8.684335803773956e+124
8.684335803773956e+124
8.684335803773956e+124
8.684335803773956e+124
8.684335803773956e+124
8.684335803773956e+124
8.684335803773956e+124
8.684335803773956e+124
8.684335803773956e+124
8.684335803773956e+124
8.684335803773956e+124
8.684335803773956e+124
8.684335803773956e+124
8.684335803773956e+124
8.684335803773956e+124
8.684335803773956e+124
8.684335803773956e+124
8.684335803773956e+124
8.684335803773956e+124
8.684335803773956e+124
8.684335803773956e+124
8.684335803773956e+124
8.684335803773956e+124
8.684335803773956e+124
8.684335803773956e+124
8.684335803773956e+124
8.684335803773956e+124
8.684335803773956e+124
8.684335803773956e+124
8.684335803773956e+124
8.684335803773956e+124
8.684335803773956e+124
8.684335803773956e+124
8.684335803773956e+124
8.684335803773956e+124
8.684335803773956e+124
8.684335803773956e+124
8.684335803773956e+124
8.684335803773956e+124
8.684335803773956e+124
8.684335803773956e+124
8.684335803773956e+124
8.684335803773956e+124
8.684335803773956e+124
8.684335803773956e+124
8.684335803773956e+124
8.684335803773956e+124
8.684335803773956e+124
8.684335803773956e+124
8.684335803773956e+124
8.684335803773956e+124
8.684335803773956e+124
8.684335803773956e+124
8.684335803773956e+124
8.684335803773956e+124
8.684335803773956e+124
8.684335803773956e+124
8.684335803773956e+124
8.684335803773956e+124
8.684335803773956e+124
8.684335803773956e+124
8.684335803773956e+124
8.684335803773956e+124
8.684335803773956e+124
8.684335803773956e+124
8.684335803773956e+124
8.684335803773956e+124
8.684335803773956e+124
8.684335803773956e+124
8.684335803773956e+124
8.684335803773956e+124
8.684335803773956e+124
8.684335803773956e+124
8.684335803773956e+124
8.684335803773956e+124
8.684335803773956e+124
8.684335803773956e+124
8.684335803773956e+124
8.684335803773956e+124
8.684335803773956e+124
8.684335803773956e+124
8.684335803773956e+124
8.684335803773956e+124
8.684335803773956e+124
8.684335803773956e+124
8.684335803773956e+124
8.684335803773956e+124
8.684335803773956e+124
8.684335803773956e+124
8.684335803773956e+124
8.684335803773956e+124
8.684335803773956e+124
8.684335803773956e+124
8.684335803773956e+124
8.684335803773956e+124
8.684335803773956e+124
8.684335803773956e+124
8.684335803773956e+124
8.684335803773956e+124
8.684335803773956e+124
8.684335803773956e+124
8.684335803773956e+124
8.684335803773956e+124
8.684335803773956e+124
8.684335803773956e+124
8.684335803773956e+124
8.684335803773956e+124
8.684335803773956e+124
8.684335803773956e+124
8.684335803773956e+124
8.684335803773956e+124
8.684335803773956e+124
8.684335803773956e+124
8.684335803773956e+124
8.684335803773956e+124
8.684335803773956e+124
8.684335803773956e+124
8.684335803773956e+124
8.684335803773956e+124
8.684335803773956e+124
8.684335803773956e+124
8.684335803773956e+124
8.684335803773956e+124
8.684335803773956e+124
8.684335803773956e+124
8.684335803773956e+124
8.684335803773956e+124
8.684335803773956e+124
8.684335803773956e+124
8.684335803773956e+124
8.684335803773956e+124
8.684335803773956e+124
8.684335803773956e+124
8.684335803773956e+124
8.684335803773956e+124
8.684335803773956e+124
8.684335803773956e+124
8.684335803773956e+124
8.684335803773956e+124
8.684335803773956e+124
8.684335803773956e+124
8.684335803773956e+124
8.684335803773956e+124
8.684335803773956e+124
8.684335803773956e+124
8.684335803773956e+124
8.684335803773956e+124
8.684335803773956e+124
8.684335803773956e+124
8.684335803773956e+124
8.684335803773956e+124
8.684335803773956e+124
8.684335803773956e+124
8.684335803773956e+124
8.684335803773956e+124
8.684335803773956e+124
8.684335803773956e+124
8.684335803773956e+124
8.684335803773956e+124
8.684335803773956e+124
8.684335803773956e+124
8.684335803773956e+124
8.684335803773956e+124
8.684335803773956e+124
8.684335803773956e+124
8.684335803773956e+124
8.684335803773956e+124
8.684335803773956e+124
8.684335803773956e+124
8.684335803773956e+124
8.684335803773956e+124
8.684335803773956e+124
8.684335803773956e+124
8.684335803773956e+124
8.684335803773956e+124
8.684335803773956e+124
8.684335803773956e+124
8.684335803773956e+124
8.684335803773956e+124
8.684335803773956e+124
8.684335803773956e+124
8.684335803773956e+124
8.684335803773956e+124
8.684335803773956e+124
8.684335803773956e+124
8.684335803773956e+124
8.684335803773956e+124
8.684335803773956e+124
8.684335803773956e+124
8.684335803773956e+124
8.684335803773956e+124
8.684335803773956e+124
8.684335803773956e+124
8.684335803773956e+124
8.684335803773956e+124
8.684335803773956e+124
8.684335803773956e+124
8.684335803773956e+124
8.684335803773956e+124
8.684335803773956e+124
8.684335803773956e+124
8.684335803773956e+124
8.684335803773956e+124
8.684335803773956e+124
8.684335803773956e+124
8.684335803773956e+124
8.684335803773956e+124
8.684335803773956e+124
8.684335803773956e+124
8.684335803773956e+124
8.684335803773956e+124
8.684335803773956e+124
8.684335803773956e+124
8.684335803773956e+124
8.684335803773956e+124
8.684335803773956e+124
8.684335803773956e+124
8.684335803773956e+124
8.684335803773956e+124
8.684335803773956e+124
8.684335803773956e+124
8.684335803773956e+124
8.684335803773956e+124
8.684335803773956e+124
8.684335803773956e+124
8.684335803773956e+124
8.684335803773956e+124
8.684335803773956e+124
8.684335803773956e+124
8.684335803773956e+124
8.684335803773956e+124
8.684335803773956e+124
8.684335803773956e+124
8.684335803773956e+124
8.684335803773956e+124
8.684335803773956e+124
8.684335803773956e+124
8.684335803773956e+124
8.684335803773956e+124
8.684335803773956e+124
8.684335803773956e+124
8.684335803773956e+124
8.684335803773956e+124
8.684335803773956e+124
8.684335803773956e+124
8.684335803773956e+124
8.684335803773956e+124
8.684335803773956e+124
8.684335803773956e+124
8.684335803773956e+124
8.684335803773956e+124
8.684335803773956e+124
8.684335803773956e+124
8.684335803773956e+124
8.684335803773956e+124
8.684335803773956e+124
8.684335803773956e+124
8.684335803773956e+124
8.684335803773956e+124
8.684335803773956e+124
8.684335803773956e+124
8.684335803773956e+124
8.684335803773956e+124
8.684335803773956e+124
8.684335803773956e+124
8.684335803773956e+124
8.684335803773956e+124
8.684335803773956e+124
8.684335803773956e+124
8.684335803773956e+124
8.684335803773956e+124
8.684335803773956e+124
8.684335803773956e+124
8.684335803773956e+124
8.684335803773956e+124
8.684335803773956e+124
8.684335803773956e+124
8.684335803773956e+124
8.684335803773956e+124
8.684335803773956e+124
8.684335803773956e+124
8.684335803773956e+124
8.684335803773956e+124
8.684335803773956e+124
8.684335803773956e+124
8.684335803773956e+124
8.684335803773956e+124
8.684335803773956e+124
8.684335803773956e+124
8.684335803773956e+124
8.684335803773956e+124
8.684335803773956e+124
8.684335803773956e+124
8.684335803773956e+124
8.684335803773956e+124
8.684335803773956e+124
8.684335803773956e+124
8.684335803773956e+124
8.684335803773956e+124
8.684335803773956e+124
8.684335803773956e+124
8.684335803773956e+124
8.684335803773956e+124
8.684335803773956e+124
8.684335803773956e+124
8.684335803773956e+124
8.684335803773956e+124
8.684335803773956e+124
8.684335803773956e+124
8.684335803773956e+124
8.684335803773956e+124
8.684335803773956e+124
8.684335803773956e+124
8.684335803773956e+124
8.684335803773956e+124
8.684335803773956e+124
8.684335803773956e+124
8.684335803773956e+124
8.684335803773956e+124
8.684335803773956e+124
8.684335803773956e+124
8.684335803773956e+124
8.684335803773956e+124
8.684335803773956e+124
8.684335803773956e+124
8.684335803773956e+124
8.684335803773956e+124
8.684335803773956e+124
8.684335803773956e+124
8.684335803773956e+124
8.684335803773956e+124
8.684335803773956e+124
8.684335803773956e+124
8.684335803773956e+124
8.684335803773956e+124
8.684335803773956e+124
8.684335803773956e+124
8.684335803773956e+124
8.684335803773956e+124
8.684335803773956e+124
8.684335803773956e+124
8.684335803773956e+124
8.684335803773956e+124
8.684335803773956e+124
8.684335803773956e+124
8.684335803773956e+124
8.684335803773956e+124
8.684335803773956e+124
8.684335803773956e+124
8.684335803773956e+124
8.684335803773956e+124
8.684335803773956e+124
8.684335803773956e+124
8.684335803773956e+124
8.684335803773956e+124
8.684335803773956e+124
8.684335803773956e+124
8.684335803773956e+124
8.684335803773956e+124
8.684335803773956e+124
8.684335803773956e+124
8.684335803773956e+124
8.684335803773956e+124
8.684335803773956e+124
8.684335803773956e+124
8.684335803773956e+124
8.684335803773956e+124
8.684335803773956e+124
8.684335803773956e+124
8.684335803773956e+124
8.684335803773956e+124
8.684335803773956e+124
8.684335803773956e+124
8.684335803773956e+124
8.684335803773956e+124
8.684335803773956e+124
8.684335803773956e+124
8.684335803773956e+124
8.684335803773956e+124
8.684335803773956e+124
8.684335803773956e+124
8.684335803773956e+124
8.684335803773956e+124
8.684335803773956e+124
8.684335803773956e+124
8.684335803773956e+124
8.684335803773956e+124
8.684335803773956e+124
8.684335803773956e+124
8.684335803773956e+124
8.684335803773956e+124
8.684335803773956e+124
8.684335803773956e+124
8.684335803773956e+124
8.684335803773956e+124
8.684335803773956e+124
8.684335803773956e+124
8.684335803773956e+124
8.684335803773956e+124
8.684335803773956e+124
8.684335803773956e+124
8.684335803773956e+124
8.684335803773956e+124
8.684335803773956e+124
8.684335803773956e+124
8.684335803773956e+124
8.684335803773956e+124
8.684335803773956e+124
8.684335803773956e+124
8.684335803773956e+124
8.684335803773956e+124
8.684335803773956e+124
8.684335803773956e+124
8.684335803773956e+124
8.684335803773956e+124
8.684335803773956e+124
8.684335803773956e+124
8.684335803773956e+124
8.684335803773956e+124
8.684335803773956e+124
8.684335803773956e+124
8.684335803773956e+124
8.684335803773956e+124
8.684335803773956e+124
8.684335803773954e+124
8.684335803773954e+124
8.684335803773954e+124
8.684335803773954e+124
8.684335803773954e+124
8.684335803773954e+124
8.684335803773954e+124
8.684335803773954e+124
8.684335803773952e+124
8.684335803773952e+124
8.68433580377395e+124
8.68433580377395e+124
8.68433580377395e+124
8.68433580377395e+124
8.684335803773946e+124
8.684335803773946e+124
8.684335803773946e+124
8.684335803773945e+124
8.684335803773945e+124
8.684335803773943e+124
8.684335803773939e+124
8.684335803773939e+124
8.684335803773935e+124
8.684335803773933e+124
8.684335803773928e+124
8.684335803773924e+124
8.68433580377392e+124
8.684335803773913e+124
8.684335803773905e+124
8.684335803773898e+124
8.684335803773886e+124
8.684335803773875e+124
8.684335803773862e+124
8.684335803773847e+124
8.684335803773828e+124
8.684335803773806e+124
8.684335803773781e+124
8.684335803773751e+124
8.68433580377372e+124
8.68433580377368e+124
8.684335803773633e+124
8.684335803773578e+124
8.684335803773516e+124
8.684335803773443e+124
8.684335803773356e+124
8.684335803773259e+124
8.684335803773144e+124
8.68433580377301e+124
8.684335803772857e+124
8.684335803772676e+124
8.684335803772466e+124
8.684335803772224e+124
8.684335803771942e+124
8.684335803771617e+124
8.684335803771237e+124
8.684335803770798e+124
8.68433580377029e+124
8.684335803769702e+124
8.68433580376902e+124
8.684335803768235e+124
8.684335803767322e+124
8.68433580376627e+124
8.684335803765056e+124
8.684335803763652e+124
8.68433580376203e+124
8.684335803760163e+124
8.684335803758006e+124
8.684335803755519e+124
8.684335803752655e+124
8.684335803749356e+124
8.684335803745555e+124
8.684335803741183e+124
8.684335803736152e+124
8.684335803730365e+124
8.684335803723714e+124
8.68433580371607e+124
8.684335803707293e+124
8.684335803697215e+124
8.684335803685649e+124
8.684335803672384e+124
8.68433580365717e+124
8.684335803639734e+124
8.684335803619756e+124
8.684335803596878e+124
8.684335803570685e+124
8.684335803540716e+124
8.684335803506434e+124
8.684335803467238e+124
8.684335803422447e+124
8.684335803371273e+124
8.684335803312837e+124
8.684335803246137e+124
8.684335803170033e+124
8.684335803083238e+124
8.684335802984288e+124
8.684335802871526e+124
8.68433580274308e+124
8.68433580259683e+124
8.68433580243038e+124
8.68433580224101e+124
8.684335802025656e+124
8.684335801780857e+124
8.6843358015027e+124
8.684335801186766e+124
8.684335800828077e+124
8.684335800421017e+124
8.68433579995925e+124
8.68433579943564e+124
8.68433579884215e+124
8.68433579816973e+124
8.684335797408201e+124
8.684335796546106e+124
8.684335795570566e+124
8.684335794467112e+124
8.68433579321948e+124
8.684335791809418e+124
8.68433579021643e+124
8.684335788417531e+124
8.684335786386938e+124
8.684335784095752e+124
8.684335781511597e+124
8.684335778598207e+124
8.684335775314988e+124
8.684335771616518e+124
8.684335767451986e+124
8.684335762764588e+124
8.68433575749085e+124
8.68433575155986e+124
8.68433574489245e+124
8.684335737400257e+124
8.684335728984713e+124
8.684335719535903e+124
8.684335708931312e+124
8.684335697034456e+124
8.684335683693332e+124
8.684335668738743e+124
8.684335651982437e+124
8.68433563321504e+124
8.684335612203801e+124
8.684335588690084e+124
8.684335562386629e+124
8.684335532974504e+124
8.684335500099789e+124
8.68433546336989e+124
8.684335422349528e+124
8.68433537655628e+124
8.68433532545573e+124
8.684335268456116e+124
8.684335204902468e+124
8.684335134070172e+124
8.684335055157913e+124
8.68433496727995e+124
8.684334869457662e+124
8.684334760610255e+124
8.684334639544651e+124
8.684334504944383e+124
8.684334355357477e+124
8.684334189183216e+124
8.684334004657675e+124
8.684333799837934e+124
8.684333572584869e+124
8.684333320544363e+124
8.684333041126855e+124
8.684332731485047e+124
8.684332388489628e+124
8.684332008702872e+124
8.68433158834991e+124
8.684331123287498e+124
8.684330608970084e+124
8.684330040412956e+124
8.684329412152235e+124
8.684328718201472e+124
8.684327952004575e+124
8.684327106384812e+124
8.684326173489522e+124
8.6843251447303e+124
8.68432401071823e+124
8.684322761193844e+124
8.684321384951398e+124
8.684319869757054e+124
8.684318202260514e+124
8.684316367899635e+124
8.68431435079753e+124
8.684312133651602e+124
8.68430969761396e+124
8.6843070221626e+124
8.684304084962731e+124
8.684300861717535e+124
8.684297326007686e+124
8.684293449118836e+124
8.68428919985628e+124
8.684284544345955e+124
8.684279445820874e+124
8.684273864392044e+124
8.684267756802915e+124
8.684261076166237e+124
8.68425377168231e+124
8.684245788337414e+124
8.684237066581216e+124
8.684227541981894e+124
8.68421714485761e+124
8.684205799882975e+124
8.684193425668988e+124
8.68417993431495e+124
8.684165230930736e+124
8.684149213127754e+124
8.684131770476855e+124
8.684112783931334e+124
8.684092125213193e+124
8.684069656160643e+124
8.684045228034832e+124
8.684018680783628e+124
8.683989842260356e+124
8.68395852739507e+124
8.683924537316133e+124
8.683887658419596e+124
8.683847661383872e+124
8.683804300127153e+124
8.683757310704846e+124
8.683706410144341e+124
8.683651295214277e+124
8.683591641125406e+124
8.683527100160142e+124
8.68345730022774e+124
8.68338184334205e+124
8.683300304018712e+124
8.683212227588582e+124
8.683117128424173e+124
8.683014488075828e+124
8.682903753314287e+124
8.682784334076332e+124
8.682655601310137e+124
8.682516884716889e+124
8.682367470385385e+124
8.682206598316124e+124
8.682033459831584e+124
8.681847194869311e+124
8.681646889154526e+124
8.68143157124896e+124
8.681200209472736e+124
8.680951708696201e+124
8.680684906998602e+124
8.68039857219075e+124
8.680091398198826e+124
8.679762001306674e+124
8.679408916254077e+124
8.679030592188682e+124
8.67862538846942e+124
8.678191570319537e+124
8.677727304327509e+124
8.677230653794452e+124
8.676699573926873e+124
8.676131906873886e+124
8.675525376608461e+124
8.674877583652452e+124
8.674185999645685e+124
8.67344796175971e+124
8.672660666957225e+124
8.67182116609874e+124
8.67092635789838e+124
8.669972982731352e+124
8.668957616296108e+124
8.66787666313471e+124
8.666726350015615e+124
8.66550271918362e+124
8.66420162148235e+124
8.662818709355395e+124
8.66134942973278e+124
8.659789016810284e+124
8.658132484729755e+124
8.656374620169386e+124
8.654509974853648e+124
8.652532857993405e+124
8.650437328667526e+124
8.648217188158178e+124
8.64586597225275e+124
8.643376943526296e+124
8.64074308361924e+124
8.637957085525906e+124
8.63501134591039e+124
8.631897957467145e+124
8.628608701344563e+124
8.625135039650667e+124
8.621468108060999e+124
8.617598708549612e+124
8.61351730226492e+124
8.609214002573057e+124
8.604678568292222e+124
8.599900397142275e+124
8.59486851943462e+124
8.58957159202824e+124
8.583997892578396e+124
8.578135314105184e+124
8.571971359909894e+124
8.565493138867546e+124
8.558687361124663e+124
8.551540334231754e+124
8.544037959740454e+124
8.536165730295572e+124
8.527908727252705e+124
8.519251618852158e+124
8.5101786589802e+124
8.500673686548644e+124
8.490720125523775e+124
8.48030098563555e+124
8.469398863797737e+124
8.457995946269428e+124
8.446074011587907e+124
8.433614434302374e+124
8.42059818953743e+124
8.40700585841445e+124
8.392817634358212e+124
8.378013330315133e+124
8.3625723869084155e+124
8.3464738815542615e+124
8.329696538561921e+124
8.312218740238993e+124
8.294018539021799e+124
8.275073670648986e+124
8.255361568394728e+124
8.234859378375986e+124
8.213543975946206e+124
8.191391983185766e+124
8.168379787497114e+124
8.144483561310239e+124
8.11967928290158e+124
8.0939427583269e+124
8.067249644465943e+124
8.039575473173896e+124
8.010895676531833e+124
7.981185613185243e+124
7.9504205957568445e+124
7.918575919316624e+124
7.885626890888948e+124
7.851548859973303e+124
7.816317250051966e+124
7.779907591054553e+124
7.742295552746049e+124
7.703456979001558e+124
7.663367922927599e+124
7.622004682786444e+124
7.579343838676554e+124
7.535362289918897e+124
7.490037293095572e+124
7.443346500683941e+124
7.39526800022623e+124
7.345780353971477e+124
7.294862638923623e+124
7.242494487226611e+124
7.188656126814548e+124
7.133328422252188e+124
7.076492915688528e+124
7.018131867843757e+124
6.958228298947606e+124
6.896766029544994e+124
6.83372972108295e+124
6.769104916191051e+124
6.702878078566102e+124
6.635036632370428e+124
6.565569001052102e+124
6.494464645494507e+124
6.421714101402074e+124
6.347309015828597e+124
6.271242182754454e+124
6.19350757761918e+124
6.114100390716234e+124
6.033017059357543e+124
5.950255298716265e+124
5.865814131257538e+124
5.779693914668455e+124
5.691896368200295e+124
5.602424597338162e+124
5.511283116715472e+124
5.418477871193467e+124
5.324016255028748e+124
5.227907129055071e+124
5.130160835809094e+124
5.03078921253344e+124
4.929805601994458e+124
4.827224861056232e+124
4.723063366956857e+124
4.617339021237665e+124
4.510071251280961e+124
4.401281009416912e+124
4.290990769565534e+124
4.179224521385095e+124
4.0660077619039805e+124
3.951367484618592e+124
3.8353321660461756e+124
3.7179317497263986e+124
3.599197627674248e+124
3.479162619286003e+124
3.3578609477244377e+124
3.235328213768026e+124
3.1116013672397986e+124
2.9867186758115375e+124
2.860719691839083e+124
2.733645215655667e+124
2.6055372596066423e+124
2.4764390018013433e+124
2.346394758648249e+124
2.215449900321627e+124
2.0836509079581607e+124
1.9510450524877321e+124
1.8176810567737223e+124
1.6836071771013696e+124
1.5488760332395966e+124
1.4135317675777824e+124
1.2776434533049436e+124
1.1412174373815377e+124
1.0044265745409147e+124
8.67009973946057e+123
7.298439786657768e+123
5.908297982511705e+123
4.5565766932679984e+123
3.09630728261964e+123
1.9141763858556227e+123
