44.423091625241206
29.011806635559676
23.08464245795449
18.450942287721713
14.75180134193076
11.795730495511531
9.432715764136093
7.543456823852778
6.032813281838481
4.824823572850424
3.858802573919743
3.0862526723691346
2.468407718006377
1.974275814621426
1.5790777114913424
1.2629999218456442
1.0101986770024267
0.8080040102561792
0.6462836235607877
0.5169343818464797
0.41347578259917506
0.3307249224205462
0.26453660529392337
0.21159552595664552
0.16925008672044412
0.13537950223516146
0.10828752115110456
0.08661743157306148
0.06928408645006286
0.05541953969272272
0.04432956700466278
0.035458891601718265
0.028363371679954032
0.022687755654690632
0.018147890384745475
0.014516490849577141
0.011611758276067719
0.00928827648026274
0.007429730363532079
0.00594308181141588
0.004753911267514976
0.0038026916567118338
0.003041808040402029
0.0024331737431221184
0.0019463235677006786
0.001556888612391665
0.0012453763160520236
0.0009961946440474212
0.000796871554219552
0.0006374306615200832
0.0005098918417392765
0.0004078717710010603
0.0003262644017265414
0.0002609853782638383
0.0002087675967889199
0.00016699767477999474
0.00013358514355356506
0.00010685781564509827
0.00008547808922926662
0.00006837599994389477
0.00005469566888124817
0.00004375246613379044
0.00003499874569435397
0.00002799643658526464
0.000022395118294068512
0.000017914483121723276
0.000014330307640810118
0.000011463231112959525
0.000009169779206592717
0.000007335183754078638
0.000005867639172517241
0.00000469370809088913
0.00000375464623510885
0.000003003462644967837
0.0000024025680874767233
0.0000019218939791437475
0.0000015373876773905478
0.0000012298088318763373
0.0000009837665619672705
0.000000786949273540975
0.0000006295085727324823
0.0000005035664437774222
0.00000040282102939488817
0.00000032223128472118375
0.00000025776472349104277
0.0000002061956350756726
0.00000016494367121309691
0.0000001319447290240412
0.00000010554766497224812
0.00000008443167539955076
0.00000006754020493799355
0.000000054028078991359636
0.00000004321921368198437
0.00000003457278586858483
0.00000002765617192794073
0.00000002212330123477895
0.000000017697338951981985
0.000000014156835043248001
0.000000011324643485802662
0.000000009059058706948884
0.000000007246724771356591
0.000000005796964112396651
0.000000004637240423111042
0.000000003709529112694407
0.0000000029674136238217214
0.000000002373764086898785
0.000000001898878422459232
0.0000000015189969061743787
0.0000000012151134144856196
0.0000000009720236504397603
