norm: 4.305326366432535e-15	time: 1.40999
0.09197090797773727
-0.13146996780746445
0.17920602245439424
-0.1775395226977776
0.15669276639497268
-0.10034758108767476
0.031241388771803033
0.046656510944244396
-0.11415045269533415
0.16271583697039155
-0.18147800588865584
0.16855446889114542
-0.12530304842312812
0.060019056379334704
0.016087179437924107
-0.08923414368304991
0.14658534681246244
-0.17784070714650146
0.17751382467845334
-0.14561821274699344
0.08785182852973354
-0.0144633740628222
-0.06149104888793278
0.12651915445536518
-0.16905782582096265
0.1815495327036319
-0.1617718893713523
0.11324153305230078
-0.04458333793545443
-0.03199885113897438
0.10289372686269661
-0.15550023120320344
0.18046826688507117
-0.17335992787399013
0.13543871161453488
-0.07344467317235466
-0.0016033723234647407
0.07636644217750732
-0.13755617612312537
0.17429675026717453
-0.18005790943704064
0.1538156713042248
-0.10023431553365754
0.02883736552710325
0.047685123052339455
-0.11573208262409802
0.16320888258457122
-0.1816770211493723
0.16785398118946
-0.12419666249248833
0.05846469407858659
0.017658758454407463
-0.09064355249875167
0.14751740900480448
-0.17817159849522174
0.1771576613926514
-0.14465581434213873
0.08644291861787959
-0.012865703813890721
-0.06299825444683929
0.12766493595905265
-0.16964051862068477
0.18146428435531078
-0.16103468323397102
0.1119828618597115
-0.043027265271662965
-0.0335759749093853
0.1042114388961208
-0.1563244163162083
0.18065237385819766
-0.17287127309080408
0.13436412278892867
-0.0719751636783571
-0.003206623326019504
0.07781846677996121
-0.13859889670736017
0.17474483132784785
-0.1798317111541111
0.1529553968301819
-0.0988928703870055
0.027253176958297605
0.04923048186859921
-0.1169639406335889
0.16390828985249212
-0.18171966548315246
0.16723228295002907
-0.12302112203651237
0.05694425132691954
0.019253860787866256
-0.09202980177079889
0.1484484139893796
-0.1784818828582178
0.1767920753511769
-0.14367933696948892
0.08502910848967746
-0.011265850802551958
-0.06449979330551174
0.12880127793446886
-0.1702096908855156
0.18136512252919063
-0.1602848122880204
0.11071556346305
-0.04146778837757624
-0.03515044969457118
0.10552106524873385
-0.15713642193428673
0.18082243328848174
-0.172369160059231
0.13327908260273622
-0.07050005081193005
-0.004809623084422478
0.07926443709288296
-0.1396308315687374
0.17517931517591492
-0.17959151905728202
0.1520832204059418
-0.09754372981617954
0.025666867779305907
0.05077200989314284
-0.11818669712000715
0.16459494270333144
-0.18174816938035238
0.16659757162583078
-0.1218360087492364
0.055419377491520434
0.02084746489456689
-0.09340888978955707
0.1493678675380653
-0.1787782787446692
0.17641273232577928
-0.14269167926288806
0.08360868186533987
-0.00966512114471144
-0.06599631314588375
0.12992759730477585
-0.1707656183708108
0.18125184786941548
-0.15952246886187346
0.1094396497918026
-0.03990508468887131
-0.036722189265599434
0.10682248053395998
-0.157936200062556
0.1809784221141749
-0.17185363421017147
0.13218367137331927
-0.06901945202032933
-0.006412248584480064
0.0807042394844233
-0.14065190112881248
0.175600167535722
-0.1793373521388185
0.15119920970417056
-0.09618699893021565
0.024078561346206576
0.052309587119864796
-0.11940025696941
0.1652687876834078
-0.18176253063728276
0.1659498965973304
-0.12064141485563867
0.053890191225781606
0.022439446766515204
-0.09478070924362617
0.1502756981030058
-0.17906076309136257
0.17601966183440074
-0.14169291807669704
0.08218174927444946
-0.008063639400442866
-0.06748769751711116
0.13104380642596167
-0.17130825781739148
0.18112446919037373
-0.15874771227690515
0.10815522013052617
-0.03833927580653721
-0.03829107131836792
0.10811558348283606
-0.1587236884666942
0.1811203281970859
-0.1713247356590048
0.13107797433953838
-0.06753348251558831
-0.008014375118713932
0.08213776191710001
-0.14166202593358326
0.1760073556588592
-0.1790692301765885
0.15030343351370595
-0.09482278330242958
0.022488381252247332
0.053843093902984446
-0.12060452574926225
0.16592977235782075
-0.18176274813642987
0.1652893082630271
-0.11943743331242807
0.05235681152254544
0.024029682524461186
-0.09614515338558123
0.1511718350418331
-0.17932931391692378
0.17561289446361944
-0.14068313112900357
0.08074842175303142
-0.00646153018822406
-0.06897383036788667
0.13214981844078788
-0.17183756700004837
0.18098299640397186
-0.15796060282040036
0.10686237442645391
-0.03677048357318628
-0.03985697377112702
0.1094002734732216
-0.15949882586869638
0.18124814049486596
-0.1707825055616996
0.12996207754063932
-0.06604225792765925
-0.00961587801847224
0.08356489284210272
-0.14266112738070774
0.17640084786019236
-0.17878717403436445
0.1493959615389113
-0.09345118908855826
0.02089645123647389
0.055372410913460665
-0.12179940975000855
0.16657784529238814
-0.181748821860869
0.1646158580262621
-0.11822415780680891
0.05081935770096433
0.025618048425027563
-0.09750211604190365
0.15205620862211222
-0.17958391032420862
0.17519246186582893
-0.13966239699585936
0.0793088108347292
-0.0048589181753588865
-0.07045459605554727
0.13324554728549876
-0.1723535047308599
0.18082744051884178
-0.15716120174087653
0.10556121328170887
-0.03519883006357888
-0.04141977477398322
0.11067645053762616
-0.16026155195164446
0.181361849061867
-0.17022698611161177
0.12883606780955728
-0.06454589429541603
-0.011216632663631055
0.08498552120797286
-0.14364912772562105
0.17678061352032823
-0.17849120566019996
0.1484768643942513
-0.0920723230184997
0.019302895174101154
0.056897419148277284
-0.12298481599236526
0.167212956057648
-0.18172075289426623
0.16392959829121898
-0.11700168274919025
0.049277949397216275
0.027204420870339256
-0.09885149162124257
0.1529287500267682
-0.1798245325019286
0.1747583967567755
-0.13863079510516563
0.07786302854212561
-0.003255928068276404
-0.071929879355073
0.13433090769651806
-0.17285603086239687
0.18065781363948474
-0.15634957124331705
0.10425183794547603
-0.033624437575123976
-0.04297935271838072
0.1119440153709882
-0.16101180736440085
0.1814614450499153
-0.16965822053620147
0.12770003276615996
-0.0630445080576247
-0.012816514492291427
0.08639953646924525
-0.14462595008758478
0.17714662308799747
-0.1781813480847218
0.1475462135987973
-0.09068629238800748
0.017707837066874038
0.05841799993970326
-0.12416065223455572
0.16783505523278294
-0.1816785434207937
0.16323058245884597
-0.11577010326583961
0.04773270655519518
0.028788676417640796
-0.10019317512263176
0.15378939135944072
-0.1800511617261929
0.1743107329130122
-0.13758840573049266
0.07641118737802576
-0.001652684602826792
-0.07339956546805303
0.1354058152170841
-0.173345106290847
0.18047412896532913
-0.15552577448433155
0.1029343503061233
-0.03204742861836292
-0.04453558624656438
0.1132028693384025
-0.16174953372622677
0.1815469207090002
-0.1690762530936694
0.12655406081042955
-0.06153821604388273
-0.014415399010472223
0.08780682859505001
-0.14559151845566953
0.1774988480823539
-0.1778576254193377
0.14660408157066196
-0.08929320505034187
0.016111401033418325
0.059934034964526865
-0.12532682697948785
0.16844409440946584
-0.18162219672495988
0.1625188649227002
-0.11452951519148072
0.04618374941717758
0.03037069178890207
-0.1015270621436599
0.15463806564976737
-0.18026378036196491
0.1738495051692706
-0.13653530998483318
0.07495340031670257
-0.000049312534575361704
-0.07486354003161898
0.1364701862038212
-0.17382069295905772
0.18027640078970314
-0.1546898755672409
0.1016088528832733
-0.03046792590743608
-0.04608835426102307
0.11445291448279547
-0.1624746736313249
0.1816182693878775
-0.16848112906951235
0.12539824111558423
-0.06002713546552788
-0.016013161801797373
0.08920728807767463
-0.1465457576946696
0.17783726109519088
-0.17752006285436026
0.1456505416213643
-0.08789316940787713
0.014513711299582429
0.061445406253262835
-0.12648324948187392
0.1690400261956266
-0.18155171719135393
0.1617945010647156
-0.11328001506183608
0.04463119851446608
0.03195034388041109
-0.10285304888859499
0.15547470685859496
-0.18046237186443506
0.17337474941575037
-0.13547158981429072
0.07348978079510614
0.0015540633709056348
-0.07632168912734337
0.13752393783324895
-0.17428275385949688
0.18006464449872325
-0.15384193953708913
0.10027544881982597
-0.028886052350534076
-0.047637535933912796
0.11569405353254744
-0.16318717065330676
0.1816754855345863
-0.16787289477300016
0.12423266362113859
-0.058511383906517875
-0.01760967853717764
0.09060080594108509
-0.14748859355094973
0.17816183579307387
-0.17716868665704677
0.1446856679501247
-0.08648629440366626
0.012914892188770781
0.06295199619933213
-0.12762982975529205
0.16962280421913994
-0.1814671103043044
0.161057547250893
-0.11202170010611527
0.043075174658010175
0.033527509772353276
-0.10417103217646077
0.15629924988311839
-0.1806469207803076
0.17288650259532604
-0.13439732799170293
0.07202044270403626
0.0031573183477451297
-0.07777389929010486
0.13856698810822635
-0.17473125303713352
0.17983887657009615
-0.152982032375582
0.09893424187393225
-0.02730193104033371
-0.049183010716458954
0.11692618990906195
-0.16388696934958324
0.1817185646968817
-0.16725159753357158
0.12305741902590567
-0.05699107931428012
-0.01920482498448473
0.09198727374940609
-0.1484199526582229
0.17847254691938996
-0.17680352416955517
0.14370953563809136
-0.08507268951296379
0.01131506811226967
0.06445368756821335
-0.1287664785791884
0.17019238313143384
-0.18136838264745278
0.16030806082691407
-0.11075466823944913
0.04151579892900549
0.035102066738376354
-0.10548090944906603
0.1571116305619465
-0.18081741274900384
0.1723848027006727
-0.1333126081102008
0.0705455003792803
0.0047603276394821755
-0.07922005751691694
0.1395992558643331
-0.17516615559223486
0.17959911457183692
-0.1521102209959529
0.09758533641092039
-0.025715685244419487
-0.050724658348336664
0.118149227734281
-0.1645740152656789
0.18174750352258073
-0.1666172856971515
0.12187259878093874
-0.05546633999053416
-0.02079847701821881
0.09336658361535852
-0.14933976254325954
0.17876937029631257
-0.1764246038068166
0.1427222206424978
-0.08365246473470678
0.009714363559566338
0.06595036350656544
-0.12989310750581964
0.1707487186110184
-0.1812555419032408
0.15954610011367928
-0.10947901805527019
0.03995319266947195
0.036673892255140374
-0.10678257877898481
0.1579117856800949
-0.18097383450377877
0.1718696887713095
-0.13221751457670344
0.0690650685927164
0.0063629665087737795
-0.08066005127572132
0.14062066077618512
-0.17558742768308244
0.17934537716090218
-0.1512265732377556
0.09622883739517483
-0.02412743839569174
-0.052262358867028826
0.11936307183814557
-0.1652482549394694
0.18176229975982366
-0.1659700086223892
0.12067829508241544
-0.05393728458208583
-0.022390510629167023
0.09473862820865499
-0.1502479516315268
0.17905228282668345
-0.17603195505432404
0.1417237997907523
-0.08222573058295546
0.008112903088661808
0.06744190755132053
-0.13100962886713555
0.17129176736693452
-0.18112859685231295
0.15877172440276938
-0.10819484881764113
0.03838747747281141
0.03824286401185155
-0.10807593887748815
0.15869965297390476
-0.1811161738727542
0.17134120089056173
-0.13111213260535087
0.06757926254338198
0.007965110247100947
-0.08209376851414484
0.14163112336368466
-0.17599503652860524
0.17907768408173802
-0.15033115786158566
0.09486485038196844
-0.022537314082761637
-0.05379599261716088
0.12056762776600143
-0.16590963590534147
0.1817629522572489
-0.16530981667681696
0.11947460086446351
-0.052404032071594796
-0.02398080193405313
0.09610330076435163
-0.151144449252758
0.1793212624958097
-0.175625608465838
0.14071435077445976
-0.08079259807829363
0.006510811316378506
0.06892820363874633
-0.132115955781601
0.17182148714212286
-0.18098755737283295
0.15798499395183188
-0.10690226045353032
0.03681877517434622
0.039808859919780115
-0.10936088910242554
0.1594751711358881
-0.18124441977986527
0.17079938018244184
-0.12999654821087228
0.06608819784851022
0.00956663418447322
-0.08352109766821829
0.14263056499820556
-0.1763889504109307
0.17879605616474356
-0.1494240445437298
0.09349348150924874
-0.020945436040334248
-0.055325440259811766
0.12176280178594892
-0.16655810669827556
0.18174946096408265
-0.16463676123293142
0.11826160979192907
-0.05086670176831614
-0.025569227185177682
0.09746049509115574
-0.1520291856464522
0.1795762883731767
-0.1752055956610093
0.1396939521433757
-0.07935317873918966
0.004908212908663149
0.0704091361134776
-0.13321200216095663
0.17233783671671152
-0.18083243443971547
0.15718596997989184
-0.1056013535450361
0.03524720784183842
0.04137175812176035
-0.11063732946605646
0.16023827981949829
-0.18135856224572275
0.17024426880844948
-0.1288708482018931
0.06459199053453311
0.011167413699129632
-0.0849419276710581
0.14361890790871135
-0.1767691386778528
0.1785005153246503
-0.148505303870744
0.09211483748937879
-0.019351928139580272
-0.05685058278180029
0.12294850089613674
-0.16719361685785067
0.18172182693014302
-0.1639508946641955
0.1170394162530882
-0.049325413298816324
-0.02715566278004723
0.09881010557968918
-0.1529020919673023
0.17981734061407706
-0.17477194932291815
0.13866268329929463
-0.07790758457331866
0.003305232570886182
0.07188458973751602
-0.1342976827169173
0.17284077591122418
-0.18066324012377163
0.15637471466258845
-0.10429222932156014
0.03367289776599124
0.042931437001672984
-0.11190516064283092
0.16098891964382572
-0.18145859238838943
0.1696759099642905
-0.12773512017418034
0.06309075702805271
0.012767324227235964
-0.08635614796150884
0.144596075187807
-0.1771355717452172
0.1781910845588165
-0.147575007333961
0.09072902560083348
-0.017756914378497017
-0.05837130150494601
0.12412463283199875
-0.16781611693217083
0.18168005230575798
-0.16325227034096337
0.1158081153523021
-0.047780286597664375
-0.028739985270992325
0.1001520272107064
-0.1537631002905521
0.18004440046115477
-0.17432470319553112
0.13762062448987092
-0.07645592806884667
0.0017019950381376484
0.07335444969919709
-0.13537291296780932
0.17333026558970627
-0.18047998759077
0.15555129112733687
-0.1029749896519301
0.032095967450933086
0.04448777519390862
-0.11316428397711831
0.16172703219821888
-0.18154450242407122
0.16909434787651584
-0.12658945250382597
0.061584614146781756
0.014366241272577822
-0.08776364849274639
0.1455619907977236
-0.1774882210992234
0.1778677879454381
-0.146633227323927
0.08933615367985186
-0.016160518872259364
-0.05988747809530396
0.12529110607343374
-0.168425558481713
0.18162414034159866
-0.1625409426263271
0.11456780290261678
-0.04623144189809942
-0.03032207137477366
0.10148615556326622
-0.15461214361728196
0.1802574502458646
-0.17386389208107553
0.13656785680237452
-0.07499832218567762
0.00009862506552108995
0.07481860162212431
-0.13643760924514403
0.17380626766277024
-0.18028269110041226
0.1547157634484156
-0.10164973703647309
0.03051653960468487
0.046040651592811725
-0.11441460149088437
0.1624525600468291
-0.18161628566772284
0.16849962779908018
-0.12543393434037015
0.060073679090453545
0.015964040416248215
-0.08916431974084114
0.14651657957623512
-0.17782705929864334
0.1775306506416746
-0.14568003712476885
0.0879363301120456
-0.014562865843562183
-0.06139899457237313
0.12644782985192657
-0.16902189408309673
0.18155409538842557
-0.16181696687188687
0.1133185754183072
-0.04467899972267468
-0.03190179798217525
0.10281238682285743
-0.15544915587962244
0.18045647338984722
-0.17338955183733112
0.13550446215738127
-0.07353488034666313
-0.001504752581554172
0.0762769315740693
-0.13749168870012854
0.17426874509055987
-0.18007136600522317
0.1538681966419811
-0.1003165745990393
0.028934737129611695
0.04758994536210449
-0.1156560158913152
0.16316544673308023
-0.18167393653356823
0.16789179600982015
-0.12426865559986426
0.058558069431701845
0.017560597326328947
-0.09055805271328086
0.14745976724250687
-0.1781520599769569
0.1771796988816918
-0.14471551090849133
0.08652966382396524
-0.01296407961295369
-0.06290573331827666
0.1275947141576118
-0.16960507733277405
0.1814699228967508
-0.16108039941344338
0.1120605301073672
-0.04312308087387913
-0.03347904216758409
0.10413061778947712
-0.156274071945895
0.1806414544062191
-0.17290171937483978
0.1344305233023982
-0.07206571642877682
-0.003108013137081707
0.07772932607583727
-0.13853506931011256
0.17471766188563204
-0.17984602874935632
0.15300865666100819
-0.09897560607897778
0.0273506831128591
0.04913553594428954
-0.11688843057838803
0.16386563678406169
-0.18171745053553484
0.1672708998068538
-0.1230937069578736
0.057037903106912424
0.019155787767565824
-0.09194473895745138
0.14839148040287617
-0.17846319784440345
0.17681495997462043
-0.14373972372920565
0.08511626427462413
-0.011364284589161642
-0.06440757708691441
0.12873166974627737
-0.1701750628506405
0.18137162941641347
-0.1603312975666143
0.11079376486394527
-0.04156380642473723
-0.035053681198555516
0.10544074588566102
-0.15708682762568044
0.1808123789007777
-0.17240043265403351
0.1333461238054248
-0.07059094475425286
-0.004711031844166359
0.0791756721100976
-0.13956766988497069
0.17515298311575742
-0.17960669686731426
0.15213721039015815
-0.09762693582306381
0.02576450081677522
0.050677303070031085
-0.11811174965238833
0.1645530757148449
-0.18174682428760308
0.16663698750489947
-0.12190917984242225
0.05551329840704537
0.020749487611035396
-0.0933242705690764
0.1493116465565627
-0.17876044868995017
0.17643646230243065
-0.142752751517289
0.08369624144698079
-0.009763605259412595
-0.06590440901308647
0.12985860814630917
-0.1707318062835663
0.1812592225960701
-0.15956971962237446
0.10951837826072684
-0.04000129770938793
-0.036625592545363794
0.10674266916446544
-0.15788735967481393
0.18096923357312128
-0.17188573068228075
0.1322513480484496
-0.06911068008169029
-0.0063136839647325044
0.08061585713017783
-0.14058941007342082
0.17557467490663844
-0.17935338898258424
0.15125392564057416
-0.09627066877737936
0.024176313669319147
0.05221512676751366
-0.1193258779213718
0.1652277100327233
-0.18176205550406951
0.1659901084315168
-0.12071516642687814
0.053984373968430914
0.022341572843804586
-0.09469654020061338
0.1502201941013109
-0.17904378938317536
0.1760442353177242
-0.1417546710734761
0.08226970583938088
-0.008162166179744778
-0.06739611262158669
0.13097544166557562
-0.17127526430884776
0.18113271118259966
-0.15879572484251955
0.10823446954126414
-0.03843567631364272
-0.03819465389053629
0.10803628631740049
-0.15867560580030593
0.1811120062176844
-0.17135765351085028
0.131146281220885
-0.06762503759712264
-0.007915844789230013
0.08204976906882186
-0.14160021036927584
0.17598270444454545
-0.17908612480618896
0.15035887114460433
-0.09490691047914654
0.022586245254456464
0.05374888737177769
-0.12053072090857198
0.16588948724137467
-0.18176314299972482
0.16533031292326805
-0.1195117596227806
0.052451248763537454
0.023931919578580315
-0.09606144106960712
0.15111705233896106
-0.17931319787606878
0.17563830954144194
-0.1407455600628831
0.0808367684569585
-0.006560091965316068
-0.06888257183626649
0.13208208339825123
-0.17180539463757824
0.18099210502042268
-0.1580093734550551
0.10694213861225352
-0.03686706406552481
-0.03976074313837193
0.1093214966823132
-0.1594515046651898
0.18124068572468716
-0.17081624223179553
0.13003100931293735
-0.06613413290505549
-0.00951738964633894
0.08347729634691002
-0.14259999211763102
0.17637703997886986
-0.17880492513515284
0.1494521165504537
-0.09353576704851563
0.020994419302542547
0.05527846553403094
-0.121726184859752
0.16653835584494592
-0.18175008668994622
0.16465765232180093
-0.11829905307261097
0.05091404209171372
0.02552040406334979
-0.09741886696699903
0.15200215148095095
-0.17956865320474724
0.17521871656048932
-0.13972549700896394
0.07939754080299867
-0.004957507280707024
-0.07036367098906707
0.1331784472315789
-0.17232215601793918
0.18083741505073525
-0.15721072664950972
0.10564148603576105
-0.035295583025789126
-0.04132373842444186
0.1105982002512203
-0.16021499589329477
0.18135526208099992
-0.17026153897475657
0.12890561910891632
-0.06463808201947006
-0.01111819391267028
0.08489832788214191
-0.14358867752098392
0.17675765082459519
-0.1785098118508834
0.1485337324167645
-0.09215734518030691
0.01940095968069475
0.05680374223093598
-0.12291217675049955
0.1671742653520607
-0.18172288759070362
0.16397217896985425
-0.11707714114250524
0.04937287356990595
0.027106902691010355
-0.09876871226539131
0.15287542265374637
-0.17981013549108574
0.1747854890252782
-0.13869456128740026
0.07795213487026063
-0.003354536830220165
-0.07183929482902002
0.13426444785257127
-0.17282550823840956
0.1806686533106578
-0.1563998465721735
0.10433261302139772
-0.033721355478423996
-0.04288351812507221
0.11186629767809067
-0.16096602007394376
0.18145572637092242
-0.16969358690368194
0.12777019818048138
-0.06313700135479626
-0.012718133022463985
0.08631275309767976
-0.1445661896452889
0.1771245073646841
-0.1782008079174692
0.14760379020712533
-0.09077175213570883
0.017805990383153458
0.05832459877387154
-0.12408860429346605
0.16779716627974797
-0.18168154781848095
0.16327394620718394
-0.11584611891491149
0.047827863123349454
0.028691292008987675
-0.10011087192726688
0.15373679790420033
-0.18003762594426456
0.17433866064718623
-0.1376528331199247
0.07650066313226321
-0.00175130534817618
-0.07330932853121565
0.1353400007546488
-0.17331541213089552
0.1804858329322982
-0.15557679632126242
0.1030156214184435
-0.03214450392113593
-0.044439960866808265
0.11312569028657561
-0.16170451876657665
0.18154207077687776
-0.16911243021346967
0.12662483487982787
-0.061631007716853384
-0.01431708247728148
0.08772046193075345
-0.14553245242594287
0.1774775810523839
-0.17787793737989213
0.1466623622845107
-0.08937909573393107
0.016209635521633788
0.05984091681816839
-0.12525537594554764
0.16840701015729256
-0.1816260705901113
0.16256300836641321
-0.11460608218119082
0.04627913097623709
0.03027344872884238
-0.10144524151316221
0.15458621020484106
-0.1802511068622311
0.17387826619593377
-0.1366003935680785
0.07504323853453274
-0.00014793758920776654
-0.07477365770573788
0.136405022244216
-0.1737918295737776
0.18028896814173026
-0.15474163994200812
0.10169061370792229
-0.03056515105581737
-0.045992945535859066
0.11437628007768738
-0.1624304345052977
0.18161428858002035
-0.1685181141265286
0.12546961833281162
-0.06012021829376146
-0.01591491785569385
0.08912134484122443
-0.14648739067370498
0.17781684441344717
-0.17754122536215705
0.14570952190564995
-0.08797948434381485
0.014612019315667746
0.0613525783723182
-0.12641240091500866
0.16900374953000702
-0.1815564602225267
0.16183942076880428
-0.11335712743416351
0.04472679764236394
0.03185324973586356
-0.10277171718979464
0.15542359345908757
-0.18045056163307743
0.17340434149687814
-0.1355373245269037
0.07357997448581431
0.0014554416814480367
-0.07623216840656556
0.1374594294471737
-0.17425472349487778
0.18007807425788622
-0.1538944424216746
0.1003576929946272
-0.02898341977899877
-0.04754235128752178
0.11561796973742491
-0.16314371080334733
0.181672374160759
-0.1679106848892592
0.12430463843201359
-0.05860475064682195
-0.01751151482296339
0.09051529282011006
-0.14743093008054678
0.17814227104827013
-0.17719069806533613
0.1447453432153268
-0.08657302687540017
0.01301326608293828
0.0628594658071551
-0.12755958916854657
0.1695873379629241
-0.18147272213242202
0.16110323971995366
-0.11209935186060055
0.04317098391574937
0.03343057209864873
-0.10409019573814215
0.1562488825063928
-0.18063597473633333
0.17291692342822593
-0.13446370871857077
0.0721109848492468
0.0030587076976583815
-0.07768474714043914
0.13850314031536803
-0.1747040578743438
0.17985316769136517
-0.1530352696845008
0.09901696299909755
-0.02739943317228546
-0.04908805755558523
0.11685066264434638
-0.16384429215749755
0.18171632299919407
-0.16729018976845503
0.12312998582974531
-0.057084722701369904
-0.019106749140718728
0.09190219739806563
-0.14836299722543494
0.1784538356339466
-0.17682638276553087
0.14376990124060987
-0.08515983277145125
0.011413500229605406
0.06436146186500881
-0.1286968514382977
0.17015773004441023
-0.18137486283583373
0.16035452250541077
-0.11083285333366084
0.04161181086123796
0.035005293078670015
-0.10540057456147496
0.15706201312731416
-0.18080733174417374
0.17241604991816317
-0.1333796296859414
0.07063638393350287
0.004661735702103311
-0.07913128087569189
0.1395360736329749
-0.17513979774745206
0.17961426594315585
-0.15216418858657108
0.09766852804954806
-0.025813314492780046
-0.0506299440617115
0.11807426287708767
-0.16453212405237053
0.1817461316754695
-0.16665667704762438
0.12194575193099469
-0.05556025273759761
-0.02070049667662231
0.09328195065382519
-0.14928351958004418
0.17875151392623878
-0.1764483078117486
0.14278327188501452
-0.08374001199893989
0.009812846240625797
0.06585844966882906
-0.12982409922878385
0.1707148813896992
-0.18126288994763254
0.15959332738622045
-0.10955773040527549
0.040049399805078593
0.03657729013982475
-0.10670275169333925
0.15786292204851093
-0.18096461932254101
0.1719017599419044
-0.13228517178606747
0.06915628648389383
0.00626440095598356
-0.08057165705104571
0.1405581490228197
-0.17556190920732873
0.1793613876032748
-0.15128126691061305
0.09631249307375021
-0.024225187163491462
-0.05216789082479582
0.1192886752218261
-0.16520715296468177
0.18176179787003804
-0.16601019602323425
0.12075202888631223
-0.054031459381351905
-0.02229263341403145
0.09465444522259674
-0.15019242551440506
0.17903528276145764
-0.17605650262370645
0.14178553192258223
-0.08231367504051054
0.008211428670032522
0.0673503127312288
-0.1309412448238778
0.17125874864422277
-0.18113681218112107
0.15881971359409555
-0.1082740822989327
0.03848387232478231
0.03814644095688681
-0.10799662580716667
0.15865154694507871
-0.18110782523618466
0.17137409351247518
-0.13118042019318552
0.0676708076586682
0.007866578725894599
-0.08200576361965917
0.1415692868980896
-0.17597035949188702
0.1790945522190291
-0.15038657356209642
0.09494896327962948
-0.02263517524477241
-0.05370177891378773
0.12049380403057869
-0.16586932814343974
0.18176331761884917
-0.16535080124346183
0.11954890302741025
-0.05249847172958406
-0.02388305112554072
0.09601955009472307
-0.1510896817203335
0.17930506222622639
-0.17565108707319613
0.14077662084291515
-0.08088114640526907
0.006609042121364881
0.06883642490914095
-0.13204898962023448
0.17178807107081642
-0.18099852249992884
0.1580308307795526
-0.1069865073747927
0.03690839754496178
0.03970187745537397
-0.10929870470791678
0.15940215624843637
-0.1812766119070873
0.17077176870366817
-0.130160227024811
0.06603355803755781
0.009241815143818445
-0.08378359571394317
0.14202914049126744
-0.17720254815739456
0.17752630738402966
-0.1514894868761386
0.09052768706029427
-0.025914683818731507
-0.06231521427506767
0.1094765404754886
-0.1818025704704981
0.14792459461666732
-0.18797556951869648
