[Reference only] Built-in scipy.linalg.lu() method for N: 1299 and matrix C;	norm: 18.748157206494113;	time: 0.10096
-13.924240869199595
-19.47165172642122
-22.713189366419325
-21.02653769687307
-14.673513735168589
-5.662469213758454
5.2142993712422765
14.490123272967136
20.637854265152622
23.026862033502933
19.81216611201998
13.24644578676851
3.2150341915712644
-6.6447158024624455
-15.769586687425898
-21.552859203719
-22.414587933771518
-19.338665593598666
-11.389052897346474
-1.8583441102251759
8.961120991887976
17.170015519175013
21.984153596116993
22.50269467140952
17.65693463341945
10.000921777172188
-0.6269567955840721
-10.15291938873199
-18.45571253060734
-22.375827308379556
-21.96615289004446
-16.376651169283672
-7.736505948368805
2.203399374384383
12.36380405213128
19.21505555942516
22.416594115927786
21.06543435528838
14.614309547052423
5.99142812004546
-4.639916473004542
-13.485682751439189
-20.283021543372517
-22.371774823683513
-19.80023875387539
-13.705033853800153
-3.938800453224507
5.995231693787256
15.431293788906986
20.83495036261457
22.47902975061764
19.282579579567354
11.566614575023705
2.1555582742752155
-8.237090183356433
-16.24258105258887
-21.69217532124301
-21.928691319620324
-17.872321058751297
-10.454573230577415
-0.24388817713451227
9.614479739510875
18.051532323271708
21.836961207349397
21.948695374276916
16.782128963481217
8.559375680370165
-1.813922877837936
-11.812106895929356
-18.73444641246504
-22.58728843152009
-20.983903029120693
-15.280335674938598
-6.331996922625066
3.6340531721663667
12.894973463836099
20.01549916177052
22.129884427360956
20.42620552105757
14.042342152252887
4.940954004675055
-5.640865249887723
-14.846323966803457
-20.51549624334966
-22.680072425483857
-19.280989378434516
-12.397653850315757
-2.5630316528582946
7.225204343399056
15.844294265685937
21.46882060744951
21.908203151167466
18.612052243659196
10.781383101599117
1.2099514225867463
-9.324077002454151
-17.412148149148454
-21.760947247372332
-22.006517808941982
-17.24871538370914
-8.661312397298314
1.56445857065444
11.09772168495551
18.507878533593292
22.110280656534183
20.944559355508524
15.200144842583592
6.282122220133729
-3.3486627138140426
-13.08516882542204
-19.437903979321867
-21.802751159822787
-20.050668486169663
-13.270595564308396
-4.6527091855725775
5.857636970691882
14.273696291039219
20.258748101910633
21.89406221418972
18.609639294277443
12.260774289422606
2.4152439326710504
-7.053180288934284
-15.921282360157152
-20.819816727237395
-21.63579770859309
-18.15408657350365
-10.126902442863098
-0.8961714172826211
9.334791300557011
16.771584344089145
21.434097108723403
21.227072450885824
16.508859440083825
9.019850352246007
-1.214952836583268
-10.458608077131542
-18.35187311956408
-21.543661818809156
-20.960763487257367
-15.461836916380419
-7.3053757113758
2.8365928137284073
12.538786535267121
18.940236325576652
22.149230384935777
20.241573855254128
13.999869169142032
5.191381054487898
-4.8087634753107915
-13.47881709745693
-20.10344575147437
-21.681709761831176
-19.35439968194925
-12.940308425320936
-3.6255229496905974
6.497602807867456
15.449721451013437
20.47644708179384
22.091390170763074
18.39061648137966
11.044391048531898
1.4361676744471121
-8.263553061772079
-16.19922736656761
-21.368474278591968
-21.22858328803499
-17.42893357132734
-9.657509190580658
0.012129180334404664
10.04415225335409
17.858219648557654
21.467483782218775
21.329939572091316
16.112614027562547
7.5550219684452955
-2.609632930931811
-11.956926364335391
-18.66623770738639
-21.9392672272013
-20.08769822449936
-14.233700838346731
-5.052344862506805
4.422299902568301
13.745608065468618
19.749902152939185
21.395824866611264
19.234082286674855
12.237253736699705
3.4923526596379717
-6.8888190078204765
-15.073785875613835
-20.33710541336578
-21.61150855318946
-17.733427428430105
-11.026685814035718
-1.1343426435829969
8.056321403831149
16.387880174376903
20.942103356976563
21.011510752382737
17.238395387582962
8.99510812031161
-0.19969272749118916
-10.29090292378315
-17.37336983210857
-21.308151317485816
-20.765610233552202
-15.459022033375462
-7.776819222841791
2.4778137147803414
11.285401217981137
18.65684215922101
21.443753219440563
20.17564138956797
14.415672380725649
6.2299346166301195
-3.724809019482975
-13.173860583811155
-19.24805298207779
-21.83907270445518
-19.721419527200226
-13.010545143835497
-4.281719425679201
5.840084539493094
14.099624829671757
20.25315047864506
21.470979259657973
18.52684193539155
12.047454130362835
2.4790368718402833
-7.2509448649344055
-16.00120506786769
-20.58275888601565
-21.64903407942713
-17.752747712623364
-9.959965340449248
-0.5300645473446461
9.215393758861566
16.627536496274864
21.367733718452953
20.81755026792595
16.478877035104112
8.746873983126207
-1.1079119487010265
-10.680960719820838
-18.30485364804715
-21.35025858989493
-20.827204972062432
-15.232601578253108
-6.729258772281613
3.402568437102016
12.697337952042712
18.89146927732991
21.91833435356235
19.53786638775477
13.630544178534254
4.234961084152453
-5.267087937071016
-14.25991397557823
-20.115663101378107
-21.276844530718655
-18.752838925733858
-11.674698604851
-2.684762952104886
7.584153262665556
15.771087467076102
20.523969535920923
21.57687417122622
17.316410304242485
10.199211874703769
0.2928749602870008
-8.859632713839353
-16.777604764167258
-21.19525973398626
-20.72046538426131
-16.684232293792245
-8.34565631746806
0.9713794945934041
10.967975882573594
17.9653787350337
21.351370202739655
20.623323527314227
14.893163837380776
6.921019243659702
-3.356044422207206
-11.970939949133406
-18.96038697347909
-21.511319620034765
-19.85786781183149
-13.508307753691462
-4.660192823214104
4.801899032138969
13.967823834278738
19.49220076303206
21.271231325866253
18.78249547130724
11.641685592532378
2.967774068946779
-7.116156753888327
-14.880040135006688
-20.2822117407193
-21.02127022767106
-17.330245941131135
-10.66873478257449
-0.9418869618492753
8.286726382223206
16.56519940391317
20.588687097171555
20.864037897001133
16.687021546717254
8.488598090913463
-0.7263503292497572
-10.368340489677944
-17.14471469826408
-21.17132904421421
-20.127116884934605
-15.116854957151514
-7.368837814952496
2.571766569164963
11.519371963747933
18.690712970261664
21.068291205811366
19.919807811982114
13.930625688226304
5.503487159732459
-4.454690924314265
-13.50808107127094
-19.113791547625176
-21.56936228226754
-18.808043825238848
-12.34797590544998
-3.3136935904155576
6.164091553169081
14.354594154781902
20.13791031811163
20.876464428006486
18.04204834425635
11.073346800113262
1.9497845658759403
-7.977991649208566
-16.094610786740443
-20.37123760947348
-21.194886198835334
-16.772940789500645
-9.346651810005442
0.33986748210289325
9.420915855004047
16.824160998107416
21.075469580168498
20.194794114258986
15.935776799338745
7.740719065662664
-1.616018021039175
-11.292124396393616
-18.188880681952003
-21.061027189338738
-20.18560115789949
-14.267283407525756
-6.083315558692033
3.9690796639906294
12.401481392433501
18.864543032368452
21.305183052276142
19.171445927537505
12.848401547663087
3.806315787777964
-5.407493208952761
-14.299531834217186
-19.576861122123997
-20.79363661259859
-18.141823265561403
-10.853478850148354
-2.224844021927446
7.798552381668086
15.328457781249387
20.167127939504724
20.728092487862025
16.566432140221647
9.784209889949457
0.018695952022132648
-8.850723923124109
-16.747966577014104
-20.537106224663194
-20.251541133699725
-16.006631251729278
-7.638698225672018
1.4002885057407237
10.987945981568448
17.42410813488703
20.922775667999762
19.70662842014094
14.245331097272352
6.519120483095871
-3.453692556454486
-11.931554040908322
-18.774081735046877
-20.84261373860293
-19.248003884380935
-13.125879682894594
-4.842516207964355
4.91898924119854
13.825140663810682
19.162306909661986
21.23713127259032
18.429233619847306
11.6112308346632
2.7785799927194126
-6.799825136872766
-14.582991523694865
-20.109412829515403
-20.598496582698004
-17.372209196206754
-10.526882791506493
-1.2281737936480668
8.320402929112744
16.369983019355807
20.27522943218363
20.809289072714044
16.324377648498437
8.572198550316536
-0.8680399663221098
-9.975920929525289
-16.908473546348485
-20.96043137477119
-19.78092855843154
-15.222119093796438
-7.202918729539998
2.2605509931451393
11.56162346303625
18.384471322560923
20.846537183083772
19.722358430467075
13.832464531385371
5.11419581609012
-4.7299971424167975
-13.33203332727267
-18.96296835120874
-21.146743719307224
-18.323415160584332
-11.920169325752113
-2.6268204186562634
6.442129107016723
14.921246341918334
19.872286646266993
20.399127658862557
17.348277152218735
9.872124070989488
1.1106568036958644
-8.773651187094849
-16.096669027063015
-20.234358347672813
-20.45490563556444
-15.732449347985645
-8.59281503491145
1.202775801230739
9.815464962629084
17.18179179547154
20.652463536473395
19.646266641313154
15.120748728116949
6.564112494603241
-2.4489933914602884
-11.892248235638657
-18.003962767031148
-20.793111063579406
-19.265650647598456
-13.243661088050874
-5.320377808258498
4.660068898111619
12.724963127888083
19.05125941253664
20.747637751158962
18.48423032837979
12.123938495695384
3.808923481125169
-5.763551210038008
-14.417754162722172
-19.455774438219663
-20.926194145500947
-17.930321389485876
-10.669577326441525
-1.9178065724925561
7.782067714581024
15.178836748822304
20.241082166522357
20.401789320551007
16.57534827771461
9.670325436169094
0.12747135120439346
-9.033028419806639
-16.88367604635318
-20.376040308042995
-20.37223035973449
-15.7169492474811
-7.537712743914791
1.7226135992448361
10.884656015569588
17.31803920574801
20.949261905870316
19.3932366501739
14.306290907455221
6.3335293937006965
-3.313393702806053
-12.159188112891037
-18.800783550218963
-20.73192314837619
-19.231829134744586
-12.990660035827982
-4.3401284551445345
5.464640799888363
14.024991015483899
19.170304694838254
21.123464895236513
17.80695165271189
11.368158927235088
1.8821106810491062
-7.229267052351623
-15.386406386015413
-20.215591358809547
-20.299728600984228
-16.904763833567902
-9.37750311737968
-0.3690931152390678
9.396442030100834
16.747007750804123
20.409203073441436
20.433431037358073
15.371494527551564
7.830204329677059
-1.963107144698553
-10.562399017824468
-17.53211927515332
-20.89567778614264
-19.38557185410197
-14.612349696374904
-5.989675117352386
3.15520573130733
12.50189456441364
18.562181094981035
20.83531658889131
19.150305333882883
12.74321807559266
4.5309986146513115
-5.459900337487258
-13.362538260423966
-19.32312037856906
-20.820811320920118
-18.202119318792818
-11.278690513728833
-2.2742627746315724
6.8038171704104755
15.19088620903843
19.686291540809382
20.35682070528907
16.995657981066092
9.329559814928036
0.6277431635129577
-9.02531579681561
-15.945397033224
-20.256312936539764
-19.95646341643382
-15.39727181549064
-8.306228520075633
1.3818916753028228
10.048884048117728
17.421074039761887
20.37676767299652
19.586504197599535
14.661977107451186
6.097130601032932
-2.9518440737349394
-12.008106215312624
-17.825547217220937
-20.742395124052653
-18.713970738481148
-12.964368667653327
-4.973193827271253
4.751753504124113
12.977430651202255
19.162760302139922
20.45047390957533
18.324953612247157
11.708352537078024
3.1389078157228116
-6.484897784455581
-14.801578448665252
-19.385141278809
-20.75726350370532
-17.111601860774602
-10.067698854413035
-0.9840295920022486
8.113607091560523
15.462973569438384
20.209425776965023
19.886325320642253
16.17740957331509
8.77308289664423
-0.3636084314928621
-9.76824258437395
-17.041619213899185
-20.236011405173578
-20.02411245855325
-14.822198472785205
-6.977635660612593
2.5772471118651774
11.10854485167694
17.55825202399073
20.74875034901647
18.848899090281257
13.848983817221429
5.388478262803752
-3.794537296475223
-12.799349768541557
-18.758344685045124
-20.524646235102225
-18.68918194319655
-12.117199985392133
-3.694837038969353
6.050283774177347
13.778054129934153
19.20279094318562
20.592945516759155
17.499860115983278
10.621714555844642
1.4382221070820618
-7.39451404140795
-15.492557374504248
-19.75068714166984
-19.868696361169476
-16.346893317460953
-8.559567605203918
0.0998012496477158
9.674215236163208
16.37285972937212
20.120264379192086
19.65291680226472
14.64261721266835
7.427526878065895
-2.2789146423634596
-10.594354107452983
-17.5736781386912
-20.30890191736689
-18.965086792975992
-13.978842440110567
-5.270030640322254
3.6058095410664786
12.594534185341171
18.08742798352834
20.474694667466558
18.28999655641291
12.105023458032829
4.132602503154989
-5.607689489758734
-13.369863916306656
-19.21573118965194
-20.214287259523996
-17.643450242660702
-10.912973696615444
-2.48966666070431
6.925595628372819
15.0850900267431
19.415474350342006
20.404330861601153
16.729559650141994
9.345735490910995
0.4721391398202347
-8.722875938172303
-15.67313246348061
-20.155253299737772
-19.60394444644326
-15.506737538547872
-8.233847395777957
1.0692636974105691
10.084647387822002
17.28436064511144
20.124801474683675
19.6207708877375
14.37755909543124
6.219806248147404
-3.0774564742242974
-11.638867072197652
-17.624337699612827
-20.611193335465703
-18.435258041272686
-13.136327037599804
-4.864210099105193
4.422642660629222
13.039154988509283
18.925758093474318
20.29445872794812
18.22019010897376
11.674747001309596
2.7870442605164842
-6.76894629825489
-14.675948881783667
-19.285959936533644
-20.43050609820312
-16.671783476834086
-9.731211381356006
-0.31332486045421615
8.388801021247781
16.074990961739683
20.030187999809925
19.48899939454487
15.579433637436809
7.633003945087874
-1.1652358500994773
-10.591572544281247
-17.108281863103908
-20.177669563077572
-19.390910230187355
-13.853868098473367
-6.282282316431496
3.4380693761648207
11.519100951929282
17.975040317881177
20.41832361850498
18.381736385534882
13.125794703329705
4.255516989919817
-4.605215003836761
-13.44567438192846
-18.645035730832213
-20.34310432068295
-17.871616467366604
-11.154814579417335
-2.9813459326788094
6.754915542532843
14.128954947450028
19.465872606381907
20.125760795959657
16.904193635743933
9.95838065578774
1.5003612220016804
-7.725278252130466
-15.635055306023043
-19.695190136528016
-20.09480214005192
-16.253871257658464
-8.454482523945774
0.3380843173416294
9.654337282845482
16.243781247333388
20.26999339349829
19.422853406822348
14.743513221331039
7.415833849350212
-2.1217129840992395
-10.755913747945616
-17.76029368744092
-20.221215656055033
-19.19135316576338
-13.802611808609175
-5.238033959061351
3.879063627200039
12.503124025270106
18.015524489866213
20.590995784367227
18.072892286680826
12.257768495266786
4.03806789477586
-5.4304338424335645
-13.597291907881216
-19.31201067159763
-20.184110962658895
-17.744069099432004
-10.873737843293284
-2.066177043087994
7.4444671071186175
15.320892593969925
19.47636966968935
20.406039510034486
16.19081368893153
9.231662730547658
-0.3574416375619159
-9.117311199289649
-16.4912858410106
-20.35138409993908
-19.410473475555953
-15.175320113578278
-7.207252294399853
1.8396282281702443
11.141507607089173
17.711190271607837
20.341370004842823
19.383427207351755
13.550153221105289
5.586336699748529
-4.116147371263547
-12.208896217564272
-18.286590030175855
-20.652084524136825
-18.152967374044824
-12.6647233924279
-3.7570318046769677
5.2451292005100845
13.987664878056263
19.169219572311185
20.385415549387783
17.784061087736045
10.721146778280051
2.260006772155071
-7.475240713977035
-14.71822478237763
-19.70681294307574
-20.205397439004397
-16.659053837717572
-9.17775428182657
-0.005113836407974856
8.72675628755701
16.386476678921518
19.91290004074642
19.52704847198
15.327087247888844
7.147533731075192
-1.6009827852275909
-10.862068847819245
-16.995596152604065
-20.272928187639014
-18.984429286505144
-13.588325220800009
-6.070519957975218
3.599275369888541
11.750048335625413
18.27102792889732
20.218210942004823
18.408546938464546
12.76211661955217
3.832538648840191
-5.078256332592335
-13.59488802374086
-18.513343866722494
-20.375795717171943
-17.40786609419498
-10.940590318409999
-2.6992818476112888
6.839715701619849
14.394368498373641
19.650494829004124
19.905612148838312
16.841100514464717
9.616245012058945
0.8904840427705191
-8.425880186780969
-16.074446850122676
-19.656207049689716
-20.092434623143117
-15.373080141501642
-8.295676733139596
1.3378196192887333
10.109302323821247
16.970384130101497
20.535452179017497
19.130078620944825
14.400966221175134
6.4290845278168245
-2.8569811294065683
-11.830328514127013
-18.29826322448248
-20.384604525368747
-19.049404995088498
-12.941763233226684
-4.536848535578252
5.012559293718178
13.080795171027967
18.603351781544628
20.692968294381064
17.680219070079005
11.805517612101559
2.938806573846102
-6.192442997195812
-14.599788966223214
-19.63507989139926
-20.246520752046596
-17.34550190619872
-9.98564698424741
-1.1842259258420667
8.366690387591175
15.456685920037376
19.84472841572105
20.122746223603535
15.958850996055371
8.387395298741346
-1.0737826414702467
-9.634169923270797
-16.99113165900835
-20.221515401932663
-19.170292146037372
-14.65881973428407
-6.233785004260846
2.5918792609740713
11.814359670780888
17.726856864821467
20.36171716794668
18.784662234738
12.802822759769155
5.011182678021497
-4.76382872262705
-12.617326679124966
-18.709133370782506
-20.358391839171606
-17.86571044006353
-12.007266126687442
-2.8180463192998095
6.020343253104534
14.488908624513073
19.060548662198524
20.29121817771584
17.038685067641698
9.996944966786
1.6356788987419417
-7.98823289361322
-15.106656929438898
-19.96217138877566
-19.83663507619021
-16.180659678613207
-8.705150988350685
-0.0019304027404275128
9.177105822081801
16.64812285297605
19.969242228794112
19.80419983960842
15.14760682392091
7.05927184443439
-1.9913395506301619
-10.905408859233216
-17.072659621983803
-20.492750467264358
-18.825598658348845
-13.734816993600848
-5.891951017820721
3.5465882062066765
12.122506374413295
18.507871593935292
20.257371469787493
18.626788027148653
12.498666436904177
3.7942247651644667
-5.486506455819004
-13.586581634450093
-18.651230023581114
-20.531736655451123
-17.265097257941715
-11.09237984669632
-2.425830251531485
6.8051208780516665
14.810827751258174
19.773582258274605
19.999500294866706
16.86903869369461
9.532971951461937
0.33707353574837035
-9.04351233265711
-16.32000334881424
-19.911861554444545
-19.954595015408167
-15.15017212184899
-7.533695776383286
2.143819117031
10.5872084905664
17.53321673410509
20.483200192236712
18.80422233925335
13.916482956266677
5.361210299551061
-3.608374610611573
-12.67308516205429
-18.427480951511086
-20.40789472544034
-18.531920199413094
-12.058276805381789
-3.912136755357962
5.859944055456296
13.500858031643743
19.07693301226896
20.459928202358423
17.303331901661853
11.18614865344798
1.8632028003356838
-6.970130728672542
-15.285626652077648
-19.59384745762436
-20.15633300588929
-16.641083125830175
-9.09757385277499
-0.5321064364513444
9.07519642546497
15.830187001797396
20.18401899451493
19.752700337445294
15.465109640564457
7.79724078621661
-0.9433981846841555
-9.931867933721675
-17.15464860760176
-20.233470720945565
-19.494755347977804
-14.69313940550745
-6.217484986484279
2.75186785827527
11.785270192783482
17.61688689980654
20.589094151055942
18.65801933494599
13.004162039819388
5.111271152282108
-4.550549251077008
-12.752291657923422
-18.944818862018703
-20.347638595102925
-18.203582686574588
-11.954283592133036
-2.86461467834387
6.235674412707895
14.405190392438485
19.02276919679816
20.50086205251764
16.926124861101403
10.250229338848662
1.6418561432353473
-7.767382353579802
-15.329205951400581
-20.12815765966559
-19.891782774051272
-16.405602016739586
-8.77152899561172
0.33197793719644847
9.660454895735903
16.915930517268666
20.084107106340863
19.92666139568155
14.702791279825414
7.0841895326691375
-2.7420921018639564
-11.257167339846113
-17.900164258335284
-20.780188727277363
-18.744197531895797
-13.549399087938816
-5.001617299833961
4.216877117894775
13.150634851492153
18.98140642020557
20.5585956921802
18.535506327828124
11.808904762270444
3.2811966379756647
-6.4568539152585895
-14.133146631097954
-19.34889843284744
-20.681765811125857
-17.104151351151327
-10.769992646646111
-1.4383097349721112
7.544768885698284
15.75983538570254
20.082012566358063
20.196673386553545
16.578206814962346
8.728079283251175
-0.12262047575056575
-9.716497447892376
-16.370509992912595
-20.392766782634453
-19.836258655130997
-15.254220354516429
-7.07990205318506
2.3975972283313363
10.893711784829346
17.88275273991807
20.436825280030774
18.928241252290462
13.773928126641273
4.944253646185042
-3.9867098917038843
-12.955574723926302
-18.351992366917056
-20.578643877821197
-18.22533566065981
-11.872269859299807
-3.785542934456321
5.994430923681687
13.723311411021333
19.427481747164023
20.33948349607996
17.423579955203977
10.928107690801102
1.495277050007649
-7.403813038534732
-15.463187514385126
-19.50917535030256
-20.27637731275522
-16.274528329560944
-8.958592098921708
-0.3255103890344613
9.145557079699943
16.10380388308398
20.441725141770196
19.61505148196948
15.50675695485772
7.538544284862131
-1.479859626212863
-10.606914991875561
-17.634215649680854
-20.25322128200282
-19.603966538600112
-13.905289080616118
-6.172503767413534
3.6777373897718744
12.211562788941892
18.347311624199936
20.941599088185246
18.472595894288105
12.793833298798848
4.258825647269195
-5.1951789087064455
-13.792754731175538
-19.529318709370195
-20.59017073794516
-18.198741748900623
-11.229769371740918
-2.2721292800112654
7.300139514198147
14.966154425375741
19.639827865084722
20.7069176882727
16.64805726097091
9.93370721779825
0.6621142590728967
-8.453478210280638
-16.325866032939675
-20.5167200254875
-20.05278528921885
-16.14536510154816
-8.030027795160793
1.157229580382242
10.554109675923039
17.076144092749953
20.50765871655732
19.74920349021891
14.570911401470179
6.330903628676675
-3.4197860387588492
-11.756876502635428
-18.443140063234456
-20.72809209729086
-18.582722562951883
-13.131472974959223
-4.088331326479011
4.925095304656438
13.846690986057558
19.049809428456975
20.653764103090445
18.037936749391957
11.131973354369444
2.7726517418351055
-7.095599710503849
-14.547323553628717
-19.827862786834444
-20.47294636490499
-16.899201087038815
-10.207244489465154
-0.5436423831726303
8.291913228678004
16.301394410517172
20.033274234649305
20.186493771271074
15.929782323759458
8.066097678270047
-0.689104782211996
-10.234143760489468
-16.777619402136136
-20.721930117259895
-19.551776175392437
-14.868446027522339
-6.675948023867825
2.318669102447469
11.306033583721065
18.157921633862635
20.55280883862051
19.308082662431584
13.723539260531583
4.952642432834369
-4.292516717608543
-12.975983513146446
-18.435733102302887
-20.873796079672232
-18.164802441150698
-12.127986290362047
-3.7277919055562703
5.869229046955898
14.06148622587995
19.707650903454624
20.449257046435886
17.759556216608
10.789830586656096
1.5463897942085032
-7.748039929225637
-15.447933707917512
-19.671700140646582
-20.524437468965832
-16.23389893490062
-9.222538794552774
-0.16104337662590126
9.050528785889885
16.509817564823372
20.628096743434824
19.79153367817335
15.663907270241165
7.568379311144413
-1.9420273043148166
-11.18874781102516
-17.904085081415186
-20.560726671500312
-19.577478244894674
-13.78516739997913
-5.516579423088315
4.4325600859235355
12.667355571976707
18.9452920368236
20.97308713513057
18.232997894775615
12.41733409262373
3.2721885708161853
-5.890603958231332
-14.645901375141055
-19.71541879722282
-20.69054374625871
-17.796561555754053
-10.43450297231952
-1.7229164319427692
8.126461691151336
15.388712686996618
20.16310642591946
20.568083603109482
16.360885077940207
9.421010312265887
-0.3491552054904544
-9.190549380243112
-17.043128000245034
-20.542577021160525
-20.050555197819907
-15.55522240035256
-7.220605665322277
1.742227847271422
11.258896396546206
17.465320966569678
20.916904389820406
19.47432198670913
14.179874269768396
5.817587351083347
-3.218025786418635
-12.015285117414047
-18.621565306665012
-20.802713036898908
-19.001301130690948
-13.292361347826496
-4.162733409624231
5.002214715943983
13.803253523277606
18.953932540496
20.953434738181024
18.012593071075944
11.432811558076748
2.9864273358751054
-6.822781588177946
-14.649810942336453
-20.10637716084932
-20.534965306680046
-17.345207355043982
-10.278001695155831
-0.6713011696201778
8.443948709579276
16.220236219974446
20.02455047265912
20.48479549992609
15.920447005852532
8.41971008613547
-0.5791399210091631
-9.965742983481787
-16.988946323231854
-20.95194728391241
-19.68849282685838
-15.2155616654104
-6.848883176184712
2.558209955826305
11.747104807959307
18.450989845199683
20.716899769957593
19.546391278056007
13.376508484729973
5.1110089898786475
-4.940911539080441
-13.318451830394672
-19.16941606460638
-21.47086839026322
-17.66224348860257
-13.346370583535148
