Full LU method for N: 1299 and matrix C;	norm: 7.315639687074566e-14;	time: 3.26936
0.07222211902076019
-0.3264039661866468
0.13095183800717075
-0.4313986088161952
0.12206004159909108
-0.22902488642508473
0.04474825749726401
0.13630469929620198
-0.06245078228122333
0.40181814633561375
-0.14033545569829595
0.37793931408960063
-0.1391062110525252
0.08462295726622435
-0.0498475078797152
-0.26510754903246875
0.08167959307562263
-0.42075609566106864
0.17434935102463428
-0.2747393312576146
0.16027301897339796
0.06306836762402251
0.03482271586118906
0.34842729095937863
-0.1289955024322541
0.3803278034802668
-0.22046943959307136
0.14320437030393898
-0.16593564127488838
-0.18732182270414302
0.01206117725055307
-0.3752494279208213
0.19860763594546785
-0.2935909035035209
0.2597330069848743
-0.01010221202608477
0.13915123598134788
0.26846524391540516
-0.09182116481626505
0.3480281903679106
-0.27432537341365554
0.18285014200394104
-0.2714218106967335
-0.09996704594324295
-0.07137132662232834
-0.2986105739513156
0.19353968541652872
-0.2813182715697726
0.3340048159384758
-0.07336951770869955
0.23969253875136792
0.1707960887893536
-0.034004716505331614
0.2829180576508379
-0.29673380917121905
0.19711083366877102
-0.3559919062952603
-0.013515233355979215
-0.15899516061524147
-0.19824617112582227
0.16155013378874528
-0.237185348818438
0.3767122096043705
-0.11827334298563061
0.32569636101598914
0.06590952773371646
0.03665274033724513
0.1903727938043365
-0.2872979678274192
0.1825216040498039
-0.4114023953384722
0.06201038449801528
-0.24036792462923526
-0.08394143076967713
0.10821017926628017
-0.16403528563082148
0.3848469925448793
-0.1387021507694673
0.38768733387807913
-0.035238476266319235
0.11065207871926397
0.0787190058111616
-0.24914844437843084
0.13904410580617005
-0.43236853710770706
0.11816800253291282
-0.3054154377355909
0.0331942155454674
0.04157634558677846
-0.06803230045171202
0.35905499697182763
-0.13160880735926758
0.41852193470281246
-0.12243028840937288
0.17790582880071568
-0.041639686344849755
-0.18853292172120595
0.07011883245721945
-0.41712992881306576
0.14904243211404697
-0.34558787999155227
0.14192299826756904
-0.02877187337395619
0.04197057090794153
0.30351899931124665
-0.09737374460825811
0.4141944920463908
-0.18729929763550593
0.22891991848723348
-0.15932771539072763
-0.11405953723923996
-0.0176792391730545
-0.3676308229041071
0.15189698226132134
-0.3548539065905677
0.23208364644492402
-0.09286595609049147
0.15536865180655948
0.22545296816961585
-0.039774238638001544
0.37430178151151744
-0.22422698080623374
0.2559135973111284
-0.2632114272416647
-0.035680297594124756
-0.11534431225801611
-0.2892955000698199
0.12745931014951878
-0.3304203203795688
0.29567175415175456
-0.14152510083541667
0.2609443032876816
0.1342653710500615
0.03443709494224198
0.3021137082405787
-0.23092499236758354
0.2537504597811463
-0.34358748504622943
0.036470069033489864
-0.2124248526748374
-0.19042405886555153
0.07980981249642512
-0.27309541354939976
0.3276763080064123
-0.16744222280034116
0.34808095493622965
0.04048609466120087
0.11629741537401478
0.204241424638437
-0.20863842748282213
0.2205745597429008
-0.3932143702629097
0.09324841057835012
-0.2981804157522008
-0.08127621270069833
0.015885925811157275
-0.18725382454602488
0.32658038796306055
-0.1660558843523477
0.4079177046698604
-0.045422255501835616
0.19565641633031966
0.08993907507719852
-0.16194901211859153
0.15807860791865003
-0.4080730164598734
0.12755792300811444
-0.3627810201138969
0.02705465471685545
-0.05534102260625692
-0.0804052556694921
0.2944716903565802
-0.1361089434075223
0.4343161350786319
-0.11423524507901028
0.26234161387617044
-0.029883823702813898
-0.09820191553236383
0.07137247467753727
-0.3877728155160148
0.1351643539751105
-0.398414812632308
0.12385170810736276
-0.1239228746140163
0.03758632079938875
0.23675219794036884
-0.07982996563451257
0.42453177577572015
-0.15898854947044228
0.30733480551808445
-0.14383013325112387
-0.026622120636341937
-0.031534940160174524
-0.3355587819120499
0.11518159036244614
-0.40017974717914534
0.1999345068299236
-0.18010569457644907
0.15554723299929077
0.16148114435632765
-0.002715911135178104
0.3795154530253827
-0.17573678168671325
0.323826842018122
-0.24123371439297966
0.04277890853951667
-0.14058398429334343
-0.25792012369990086
0.07017190631138295
-0.3666589068122785
0.2486397103835448
-0.21548199677514757
0.26218716945361165
0.07842637100887244
0.0870604878505538
0.30381094167167905
-0.16396481126907383
0.308031267340433
-0.31329406669114457
0.1003820554189734
-0.24474904951611834
-0.16384487359241193
0.005849612757094383
-0.30011426427044896
0.2665141459731019
-0.22399335239613397
0.347308755493774
-0.0020683312831690304
0.17955293246671006
0.20506026568341582
-0.12660637506245484
0.2596642140521532
-0.35400160305814715
0.13809116546055006
-0.3332395685585118
-0.06380461285948
-0.0695784238930286
-0.20627616748969438
0.25364412757782656
-0.20266930866098606
0.4028997235913729
-0.0702719005912417
0.26415265525614834
0.0931716572200273
-0.06966901798629625
0.18203519092708736
-0.36075164187040626
0.15028726054751926
-0.39668364543731305
0.031416729524452
-0.14636095680300956
-0.09375090220198204
0.21358578532818417
-0.1520181089815448
0.42398676355561843
-0.11817667515433437
0.33078402444914234
-0.020757303303796108
-0.0015087148066392963
0.08173689731981068
-0.3345800325704264
0.13449809543608957
-0.4281624406279648
0.11191884680161111
-0.2143321760797099
0.026888719720891602
0.1529059340152609
-0.0760237769133293
0.4091566517974281
-0.14040603882598193
0.3710505053809595
-0.12564167666436138
0.0681630581911064
-0.03203292532870686
-0.27999563100952807
0.09170689419851785
-0.42397987419089345
0.1697721564947843
-0.2640955196896759
0.1442294363443261
0.08038666253728056
0.018251661208221612
0.3606873118687569
-0.13481705304236333
0.3792021017742799
-0.21160280892875127
0.12942693076405354
-0.1484433669181983
-0.20442987125988693
0.02626476590037611
-0.38408157155704914
0.19987487797333137
-0.2881275632966422
0.24723579786027863
0.00598447090857002
0.1214176461285746
0.2842749065285349
-0.10273055336000686
0.3528151240127371
-0.2710212893317136
0.17332764465714523
-0.25618874867020475
-0.11736640035122752
-0.054584036524128264
-0.31207597693492756
0.20048496436255236
-0.2816768483006339
0.3264258654266316
-0.060337798460955994
0.2227734814860471
0.1883880443451737
-0.04876321914066862
0.29310710658905914
-0.2993328016230431
0.19293741187033708
-0.3447053521375645
-0.029249370501720214
-0.14151119354378563
-0.21485483747263676
0.1733684338912626
-0.2433553432219657
0.3748743724303575
-0.10977386283061666
0.31148252937377524
0.08332166970988349
0.019718996897155068
0.2048503476947812
-0.29547936755421667
0.18418976945735524
-0.4053115973736387
0.04970646538907459
-0.22415716219546183
-0.1018548652122029
0.12354882813113308
-0.17535457700306617
0.38893266040120944
-0.1357001098033963
0.37777136575789283
-0.019943445322532023
0.09346400279118038
0.09589232268770574
-0.26196715541125803
0.14638885459614706
-0.43214517772891686
0.11066997837636051
-0.29230960996200295
0.015957675520555704
0.058687379307215445
-0.08326048886933185
0.3685863400197194
-0.13444882424330448
0.41401998006829
-0.11094820344822136
0.16241547764999517
-0.023664881306045882
-0.20452612132930706
0.08233550238634389
-0.4227931815332288
0.14718261557295828
-0.33707490503972853
0.12726689751776826
-0.0118350340339958
0.024513996691706837
0.3174120758032513
-0.10574101007948003
0.4156210180056391
-0.1808950520422753
0.21689104629357608
-0.14253586359239026
-0.13141132601712666
-0.0019453433617562996
-0.3785453723487613
0.15587129761783208
-0.351910632295177
0.22162094453324535
-0.07802957680203762
0.13761677710483292
0.2421396236102208
-0.052729687539965917
0.3815116454069768
-0.2235934347754407
0.24872324459273373
-0.24945565811266554
-0.05242583160734506
-0.09784655097052539
-0.3042427419092128
0.13680570073822176
-0.3334024220559776
0.29054495540053743
-0.1304785035038437
0.2448668699194352
0.15186925701325468
0.018351530717848365
0.31431799673851707
-0.23610605774118107
0.252233835942173
-0.33438281365705746
0.022223853249112996
-0.1951190876273134
-0.20773850233240587
0.0934604884924521
-0.2816968020933726
0.3284303164645436
-0.16144774727795266
0.3354642343269516
0.05703307792892049
0.09889526607754082
0.22009529644485704
-0.21902492567746235
0.22493062109857553
-0.3895687163586772
0.08311022360485286
-0.28300601902818134
-0.09903180772665038
0.03228758509544284
-0.20054013380542088
0.33310230709887273
-0.16580675480452883
0.4001648071060542
-0.03178287168294483
0.1789031729190287
0.10769178163813994
-0.17634774685354385
0.16784693392871894
-0.41037495463099477
0.12267153162787435
-0.35144358638421475
0.010829132808627365
-0.038052486132836495
-0.09691768054385903
0.3060042875126661
-0.1416509832466355
0.43229011451080046
-0.10502347302121069
0.24813407400654375
-0.012193528089869411
-0.11497019831202891
0.08548405694970956
-0.39574861282709856
0.13608021412332139
-0.39219491813846824
0.11095233495322575
-0.1077127679380714
0.01966844454791236
0.251979501651772
-0.09055594929795695
0.42845909885880384
-0.15522365814648834
0.2972880003318542
-0.1281550630980955
-0.0438526534599731
-0.014638663305840705
-0.34830351975503315
0.12179509170606419
-0.39978918514494355
0.19178161483532688
-0.16681953184421403
0.13820329682804205
0.1786765629930213
-0.017433200268260233
0.38896064237405104
-0.1778234722742403
0.3190924311028789
-0.22930031058301878
0.027043530370503863
-0.1227771624267637
-0.2739994041649494
0.08173514951625804
-0.3721605140794009
0.24611947900038963
-0.20663789670542618
0.24733434109761948
0.09564671899098073
0.06999658993544004
0.3177252336683182
-0.17164836857381197
0.3091677666450862
-0.306409832430512
0.08792927521075009
-0.2280119950404962
-0.18145570662984534
0.02105539836171635
-0.3109143334679086
0.2698801028909067
-0.2206111092235701
0.3365879394286995
0.013235346172519204
0.16205504054810918
0.2218988353396659
-0.13900180518585192
0.2665736168814523
-0.35290946702377546
0.13033750867041066
-0.31943731875752557
-0.08097745433533649
-0.05244981017247363
-0.22119031055921598
0.26248957337426726
-0.20515531054825295
0.3974923907459562
-0.058607031591156225
0.2481870023387918
0.11106628494257456
-0.08536089061692256
0.19397310566961853
-0.36554754022855296
0.14811902374170313
-0.3873573076410352
0.016597424871089887
-0.12924861664126477
-0.11113600516158165
0.22689020711472732
-0.16011902059599412
0.42448315210992804
-0.11146013704515755
0.31815001141579247
-0.0037894556325691916
-0.018710504670719493
0.0973950903523205
-0.34470291992440927
0.13817154622528835
-0.4243566881706361
0.1011002635987289
-0.19917677873694245
0.008951212802781005
0.16915018384948702
-0.08885419785425769
0.4154900885857828
-0.13938795331054213
0.3631788024726299
-0.11147655478928939
0.051408004087883305
-0.014380804494514475
-0.2942910175697415
0.10081917747993331
-0.4261259148092722
0.16414895659597517
-0.2526212091885849
0.1277194208922222
0.09772397259036619
0.00211063998016737
0.37214199963936
-0.1396041709851598
0.3769939298003719
-0.20180001866266012
0.11502533835634768
-0.13074917999927213
-0.22127974845900908
0.03979878685053665
-0.3919486993389683
0.2000558591708372
-0.28164804532328974
0.2339735500862949
0.022448122640828492
0.10376001102297515
0.2995662955124242
-0.11277450519589415
0.35654073348500875
-0.2666501564840304
0.1629218479636932
-0.24041193743649092
-0.13487098227765024
-0.03814577385627054
-0.32479713953246353
0.20642546408266801
-0.28094740291371784
0.31786895727598496
-0.046613438844354475
0.20556772423430544
0.20580677881114087
-0.06292229609592999
0.3023748442947796
-0.3008534036657389
0.18772052937535497
-0.3325940756670626
-0.04544027675446174
-0.12401654246642074
-0.2310233622599836
0.18437603332750482
-0.24848736592522336
0.37195518791318244
-0.100343725750719
0.2966513928170607
0.10092498188419953
0.0030514621791431803
0.21864979510044108
-0.30269184140862515
0.18477125168252215
-0.3982074384393155
0.036645478621323724
-0.20757713575908981
-0.1196815198021338
0.1383616976494126
-0.185802246523843
0.3919546933507564
-0.13163372191915748
0.3669765749070433
-0.0041143330554718185
0.07617905250976498
0.1127066945363894
-0.2740349360452749
0.15272548835799016
-0.4308332814360492
0.10219947392804497
-0.2785172473597198
-0.0015551311037470539
0.0756164657615477
-0.09788107975974694
0.3771908695492989
-0.13621011261868374
0.4084760713857188
-0.0986490168427099
0.14647598993341918
-0.0056896474227288545
-0.2200704833580596
0.09373562207380873
-0.42741460283886595
0.144243922972393
-0.3276349851239164
0.11200246103239439
0.005284068812645668
0.007332889521692547
0.3306189334386392
-0.11313608742151558
0.41595912407332286
-0.17348227462866395
0.20411107180797272
-0.1253842459982301
-0.14866661310086784
0.013255108809485012
-0.3885814434549362
0.15878127365195438
-0.34790380579806757
0.21028600591776003
-0.06266715952163983
0.11977733221328626
0.2584574682534739
-0.06492847511759152
0.38770849969066096
-0.2218729538297544
0.2405639617691495
-0.23502106867728773
-0.06943796095722926
-0.0805392970997473
-0.31857320599388805
0.1452215867662242
-0.33530348145365657
0.2843797405615789
-0.11862105496182958
0.2283485856218557
0.16946299008682464
0.002722262094566859
0.3256981204498717
-0.24024358536942858
0.24963900767794325
-0.3242562831534277
0.007377870022194024
-0.17763948108525082
-0.22476690003543764
0.10641879139732917
-0.2893207457936908
0.32809605643651707
-0.15444848722677978
0.3221027103150691
0.07392963319480723
0.08159786187529017
0.23540613456021692
-0.22852821041446905
0.22822001127343636
-0.3848613982942526
0.07210635387753393
-0.2673128370499765
-0.11686407251104568
0.0483126121537429
-0.21306208855271375
0.33860800567016675
-0.16447152339568774
0.39144652912458217
-0.01747342437794457
0.16189132963846675
0.1252433859398642
-0.19012254633356987
0.17667964894320812
-0.4115943112176629
0.11675059411913352
-0.3393004746676137
-0.005827128666006936
-0.020782614847370637
-0.11296447318355753
0.31670652956011025
-0.14614733801581345
0.42918622036450027
-0.09489628236588787
0.23333350824232624
0.005660100584765534
-0.13144371860171083
0.09889594317492047
-0.4027421349313117
0.13590863699817213
-0.3849726482633504
0.09731645717427527
-0.09116124803514813
0.0018653007524666201
0.26665530018644346
-0.10039387724380079
0.4313167406251912
-0.15040061285581213
0.28638013722670314
-0.1119705375248726
-0.061150601531637566
0.0018722669234611474
-0.3602762695541327
0.12739016256787447
-0.3983117871463725
0.1826690038917996
-0.1528701180130286
0.12061031615541642
0.19566106178793577
-0.03151962071001197
0.3974641110915293
-0.17882787813389264
0.3133253623296957
-0.21656840675962183
0.010886140924861482
-0.10499811205961973
-0.2896034020540204
0.09246313421415789
-0.3766125307529614
0.24252386164633774
-0.196883016219843
0.2318965577541558
0.11302030392829784
0.0532356264484172
0.3309312012868047
-0.1783468107248277
0.3092156758382873
-0.29852750153641633
0.07474720586242371
-0.21094196422473624
-0.19894113876971098
0.03570273776997084
-0.32081959916704733
0.2721755011624946
-0.2161726078725864
0.3250117470711954
0.029039185823196628
0.14449813993787375
0.23834176937898802
-0.1506196948673291
0.27246044283509013
-0.3507314351754443
0.12162903722695527
-0.30497858226156027
-0.09838875531121624
-0.03554020740130484
-0.2354646476320662
0.2703892295627431
-0.20655793759861896
0.39105503660185703
-0.046151177408828424
0.231806939232524
0.1289222337713567
-0.10056993740231857
0.20506901862211188
-0.36929136624296294
0.1448774730455089
-0.37712445060697986
0.0012025831369222501
-0.11199126410220459
-0.12820795300341387
0.23947955998643522
-0.16723085040416194
0.4238902093137735
-0.10375047652276767
0.30479254791682253
0.013500955469944545
-0.035778294605474756
0.11248620030646615
-0.35392538159466685
0.14077349212107076
-0.41949587222331547
0.0894336076147736
-0.1835285486029794
-0.009034859496925467
0.18499017730672737
-0.10090068548454326
0.42079685813510476
-0.13728593977294232
0.35435559760528873
-0.09666380267034597
0.03442310398916584
0.0030427075311400104
-0.30793845011494864
0.10898187490765604
-0.42718647857519204
0.15750021659888055
-0.2403614253848359
0.11080456221231019
0.11501309854465916
-0.0135394769972407
0.38274763456037836
-0.14333805808886185
0.373712749148529
-0.19109711406539517
0.10005580827025452
-0.11291948106439971
-0.2378066760117526
0.05261159476428389
-0.39882147798972506
0.19914877551703913
-0.2741783894763812
0.21999552636384026
0.0392250205177546
0.08624519243988828
0.3142812963340392
-0.12191398320400301
0.359191993471977
-0.26122728279566165
0.15167366498903934
-0.2241506300475612
-0.1524137350404351
-0.022119482107039384
-0.3367264174586134
0.21133731230737093
-0.27913407159650855
0.3083655082534573
-0.032249545757288514
0.1881406290981618
0.22298629349799334
-0.0764270447988158
0.3106872176579351
-0.30128847107454776
0.18148121340988613
-0.31970354432970044
-0.06202612955666104
-0.10657839732028995
-0.24669112776066948
0.19452966618309359
-0.25256318585807563
0.3679647073599413
-0.09001947313421342
0.2812594911731703
0.11865297530881769
-0.01328524673729625
0.2317198699847699
-0.3089065935629033
0.1842648362541502
-0.3901165066655837
0.022877086526912272
-0.19069175423919518
-0.13735459435332492
0.15259097557880447
-0.19533973815868697
0.393900651308849
-0.12651886912637741
0.3553443446230206
0.012189330124155707
0.0588643201646042
0.12909938565128531
-0.28530456505747026
0.1580306868584718
-0.4284375783901682
0.09278842755332303
-0.26409181791549563
-0.019278705279715716
0.09229772335179354
-0.11183951146602703
0.38483504788234196
-0.13688611578015514
0.401911799151387
-0.08557863127182956
0.13014941653642606
0.012218838150927128
-0.23510565161553085
0.1042763780269432
-0.4309765350274511
0.14023699064406997
-0.31730515707701296
0.09618654890514995
0.022518865208758
-0.009508295814352877
0.3430886943211075
-0.11953071575377654
0.41520818906723594
-0.16508809790701223
0.19063005268386302
-0.1079369554043875
-0.1657586692746668
0.027864606978475915
-0.3977009688845542
0.1606150531252331
-0.3428498833474769
0.19812068176796152
-0.04683850445567927
0.10191744419786365
0.27434398398985393
-0.07632380243908678
0.3928695810112718
-0.21907086075192195
0.2314682050502041
-0.21996148710648272
-0.08665105931161043
-0.0634883149457376
-0.3322326800764339
0.1526739459065384
-0.3361175304677481
0.27719826338941034
-0.10599908599084629
0.2114517294863535
0.18697941599900958
-0.012390616946739742
0.33621172396547044
-0.24332049213800702
0.24597719346168959
-0.3132454267661839
-0.008010709526452865
-0.16005268362435024
-0.2414449682583303
0.11863423346055675
-0.2959395206510967
0.32667350250545335
-0.14647211334572588
0.3080468368683835
0.09111149344493105
0.06447185930069518
0.25011673654020405
-0.23711070669572135
0.2304314540147418
-0.3791094495800229
0.060279112254594786
-0.25116093968732695
-0.1347058536067973
0.06389871017723504
-0.22477331469603917
0.34307528209716276
-0.162056100623275
0.3817958471837978
-0.0025480934158051407
0.14468663783878585
0.14252824684772852
-0.20321955343585932
0.184544245125132
-0.41172571182888884
0.10981782087381968
-0.3263984443656438
-0.022851629744042718
-0.003598535247846307
-0.12848580460548567
0.326536526187939
-0.1495814957462445
0.42501625721073155
-0.08389169594270468
0.2179973964009966
0.023610336229255766
-0.1475583710275349
0.11155803569709197
-0.40872620172868235
0.1346501882233648
-0.3767762133455355
0.08299491939343502
-0.07433275063440732
-0.015756529290927673
0.28072270768178154
-0.1093066648234855
0.43309401127553754
-0.14453701973735217
0.27465398479275444
-0.09533689230592866
-0.0784487932244722
0.017935775452265622
-0.3714310905985523
0.13194516044651142
-0.3957540539218584
0.17263016721174226
-0.1383119790307905
0.10283416553164039
0.21236913246515063
-0.044921669737760905
0.4049938725796319
-0.17874521636421992
0.306548901475009
-0.20308518902711137
-0.005630547423786162
-0.08731393141574327
-0.3046725629000746
0.10231443446444627
-0.3799990195746071
0.2378652479748434
-0.1862558626813743
0.21593160733519534
0.1304803342316797
0.03684152420777173
0.3433791445909588
-0.1840335017352164
0.30817615121879305
-0.2896758242690895
0.0608870745798229
-0.19360356139457854
-0.2162346737876568
0.04973506268755049
-0.3297934714632835
0.2733902390111992
-0.2106960229109654
0.3126234057466297
0.04528259561363216
0.12694941971359652
0.25432722241763206
-0.16141453924670848
0.2773036090261122
-0.34747460114859113
0.11199975397463068
-0.28991823182165005
-0.11597252747294606
-0.018914988692818144
-0.249046035242946
0.27731163482345644
-0.20687299530090264
0.3836114851774074
-0.03295194228966657
0.21507538993312006
0.14667244141697305
-0.11523688274810773
0.2152819694960063
-0.3719677623618155
0.14057557744460977
-0.366024068052437
-0.014709708011581644
-0.09465575314189126
-0.14490300229847283
0.25130454791347023
-0.173327504591497
0.42220968692103866
-0.09507697682158062
0.2907632433221665
0.031049163788572445
-0.052645679190657046
0.12695397817841658
-0.36221132950977875
0.14229441523659198
-0.413598738937629
0.07696255828073514
-0.1674483305798112
-0.02700229490681249
0.20036430652836992
-0.11211816989553895
0.4250564437458113
-0.1341076797983074
0.34461540355041986
-0.08125863471913314
0.01727445346052985
0.02017237454403427
-0.32088515317870003
0.11616404797801176
-0.4271579638839542
0.14985031431511503
-0.2273641874187652
0.09354799280021368
0.1321870228996657
-0.028639692875657714
0.3924637300357195
-0.1460039337490714
0.36937210935739934
-0.17953357213398582
0.08457672124893098
-0.0950211851397965
-0.2539471036765783
0.0646542965932148
-0.4046743615876314
0.1971559722355776
-0.26574840930801996
0.20535371673687047
0.0562502456212215
0.06893950473026636
0.328363988291377
-0.1301134005548799
0.3607599721721321
-0.25477198533660644
0.13962722099507652
-0.20746592387573215
-0.1699274533345855
-0.006566531290460087
-0.347819182347602
0.21520055907070398
-0.27624512208311885
0.2979505415770696
-0.017301666437165377
0.1705583986756823
0.239861498469424
-0.08922505914147551
0.3180138140364908
-0.3006349970355139
0.17424439017059445
-0.30608219310987733
-0.07894359770765719
-0.08926372966173259
-0.2617994228530659
0.20378932248357814
-0.255568598520175
0.3629170636001399
-0.07884105738652257
0.2653654985240688
0.1364386829019803
-0.029227775727605865
0.24401208588827905
-0.3140986303447597
0.1826734576372442
-0.3810691484809877
0.008453651085018412
-0.17356608773345605
-0.15480787237119023
0.166181074484641
-0.20393196636245925
0.3947621935247949
-0.12037543298748365
0.34291924711272365
0.028906202351389316
0.04158701009111669
0.145009267611822
-0.29573186216301295
0.16228506395336062
-0.42496692676252346
0.08247236582199936
-0.24908920026558645
-0.03714674334541469
0.1086662149062645
-0.12508374793507684
0.39148899523101194
-0.13647441703376406
0.3943526401671315
-0.07178589124851788
0.11349928283854709
0.029993653187464386
-0.2495732089493233
0.11391823525184308
-0.4334653556506561
0.13517652968847937
-0.30612584778339474
0.07987812400725149
0.039802343436392836
-0.025946402299082724
0.3547732872017174
-0.12490045085248477
0.4133717401177273
-0.15574339702430398
0.1765007183270484
-0.09025921059886541
-0.18262138522990667
0.04182789639535126
-0.40586937172166715
0.16136488362858678
-0.33676931085204476
0.18516998861628964
-0.030605190266996388
0.08410431557924705
0.2897382936810056
-0.08687193628795806
0.3969760715948191
-0.21519660246600847
0.22147200033539485
-0.20433312233495698
-0.10399873166414857
-0.04675838878315927
-0.3451695064618816
0.15913343085073192
-0.33584274329438957
0.269026550965863
-0.09266184328084874
0.19424002083119563
0.20435167193257403
-0.026928983741246252
0.3458197526886877
-0.24532373854577288
0.24126367947512162
-0.3013911465409516
-0.02388264313671242
-0.1424257511761886
-0.2577097557769998
0.13005916042042592
-0.3015292335389356
0.32416677661064225
-0.13755002301974714
0.2933497116029037
0.10851330095147567
0.04758325882069322
0.2641721861928306
-0.24473834959508764
0.23155778308457942
-0.37233388317829214
0.047673951165027276
-0.23461214213477719
-0.15248995871777662
0.07898525687527126
-0.23563052840856152
0.3464858915497775
-0.1585705169410424
0.37124928863951817
0.012936590687151058
0.12735558155377188
0.15948173878662594
-0.21558749432898866
0.19141190650639867
-0.41076792633832143
0.10189978233001737
-0.3127871446423688
-0.04018046462488901
0.01343295411595543
-0.14342384927623356
0.33545570994720864
-0.15194099612940615
0.4197960899546042
-0.07205108389008363
0.20218525765036785
0.04159008384376132
-0.1632514173158727
0.12342309697655507
-0.41367747790770526
0.13230957949626707
-0.36763753417898587
0.06804118156119146
-0.05729276682744093
-0.033131156470642534
0.2941271549837389
-0.11726075683803489
0.43378433589527365
-0.13765445385523142
0.26215542916538026
-0.07831617526182534
-0.09568005466221728
0.03349149514499545
-0.38172515675189295
0.1354424104496074
-0.3921266016697225
0.16170212982522134
-0.12320196128444673
0.08494141613458771
0.22873631775926315
-0.057588456457014554
0.4115216486783861
-0.17757484995952869
0.2987901607916497
-0.18890070687049385
-0.022442450954942305
-0.06979135429935346
-0.3191493676656579
0.11125096897236124
-0.38230810268864246
0.23216008027135449
-0.17479826900586024
0.1994992851482055
0.14795968587828273
0.020876808433023603
0.35502225017391953
-0.1886856640122757
0.30605449356565734
-0.279887244814629
0.046402695378547326
-0.17606241080333462
-0.23327054371182676
0.06309815179609067
-0.3378029090158489
0.273518334083238
-0.20420348700567129
0.2994692360519853
0.06190330485415668
0.10947603460744362
0.26979509030976356
-0.17134397209365526
0.2810860107384983
-0.3431501692127907
0.10148717422515392
-0.2743134301988493
-0.13366212199684632
-0.0026384407854945563
-0.26188397011162096
0.28322905257180586
-0.20610043642177334
0.3751893932487545
-0.019059767619272954
0.19805661605879726
0.16425024441032576
-0.1293045134360073
0.22457435266127898
-0.373565410557155
0.1352302858685293
-0.35409830401045245
-0.03107974865232862
-0.07730837358839086
-0.16116088330572842
0.2623236152743157
-0.17839819886581643
0.41947457778305597
-0.08553680027690422
0.2762683728154529
0.0484290442854857
-0.06839321623265815
0.1387217220288007
-0.3647357432058221
0.13137450491432376
-0.37978703667705005
