Full LU method for N: 1299 and matrix A;	norm: 2.5950423939453667e-15;	time: 3.36038
0.09197090797773724
-0.1314699678074645
0.17920602245439415
-0.17753952269777767
0.15669276639497262
-0.10034758108767479
0.031241388771803002
0.04665651094424437
-0.11415045269533415
0.16271583697039158
-0.18147800588865573
0.16855446889114548
-0.1253030484231281
0.060019056379334725
0.01608717943792413
-0.08923414368304988
0.1465853468124625
-0.17784070714650144
0.17751382467845336
-0.14561821274699346
0.0878518285297335
-0.01446337406282224
-0.06149104888793283
0.1265191544553651
-0.1690578258209627
0.1815495327036318
-0.16177188937135237
0.11324153305230072
-0.04458333793545446
-0.03199885113897442
0.10289372686269657
-0.15550023120320353
0.1804682668850711
-0.1733599278739902
0.1354387116145348
-0.07344467317235473
-0.0016033723234647908
0.07636644217750727
-0.13755617612312543
0.1742967502671745
-0.1800579094370407
0.1538156713042248
-0.10023431553365758
0.028837365527103243
0.047685123052339455
-0.11573208262409801
0.16320888258457125
-0.18167702114937231
0.16785398118946002
-0.12419666249248834
0.05846469407858659
0.017658758454407456
-0.0906435524987517
0.14751740900480448
-0.17817159849522177
0.17715766139265143
-0.14465581434213876
0.0864429186178796
-0.012865703813890721
-0.0629982544468393
0.12766493595905268
-0.1696405186206848
0.1814642843553108
-0.16103468323397102
0.1119828618597115
-0.043027265271662965
-0.033575974909385305
0.10421143889612082
-0.15632441631620833
0.18065237385819766
-0.1728712730908041
0.13436412278892865
-0.07197516367835713
-0.0032066233260195118
0.07781846677996121
-0.13859889670736017
0.17474483132784788
-0.1798317111541111
0.15295539683018192
-0.09889287038700548
0.02725317695829762
0.04923048186859923
-0.1169639406335889
0.16390828985249212
-0.1817196654831525
0.1672322829500291
-0.12302112203651239
0.05694425132691955
0.019253860787866253
-0.09202980177079889
0.1484484139893796
-0.17848188285821787
0.1767920753511769
-0.14367933696948895
0.08502910848967747
-0.011265850802551956
-0.06449979330551174
0.12880127793446886
-0.17020969088551566
0.18136512252919065
-0.16028481228802047
0.11071556346305
-0.04146778837757626
-0.035150449694571186
0.10552106524873386
-0.15713642193428676
0.18082243328848174
-0.17236916005923103
0.13327908260273624
-0.07050005081193006
-0.004809623084422478
0.07926443709288296
-0.1396308315687374
0.17517931517591492
-0.17959151905728207
0.1520832204059418
-0.09754372981617955
0.0256668677793059
0.050772009893142844
-0.11818669712000718
0.16459494270333144
-0.1817481693803524
0.16659757162583075
-0.12183600874923643
0.055419377491520434
0.02084746489456689
-0.09340888978955708
0.1493678675380653
-0.17877827874466923
0.17641273232577928
-0.1426916792628881
0.08360868186533989
-0.009665121144711438
-0.06599631314588375
0.12992759730477585
-0.17076561837081083
0.18125184786941548
-0.15952246886187352
0.10943964979180258
-0.039905084688871335
-0.03672218926559946
0.10682248053395996
-0.15793620006255604
0.1809784221141749
-0.17185363421017152
0.13218367137331927
-0.06901945202032934
-0.006412248584480066
0.08070423948442332
-0.1406519011288125
0.175600167535722
-0.17933735213881852
0.15119920970417058
-0.09618699893021565
0.024078561346206583
0.05230958711986481
-0.11940025696941
0.1652687876834078
-0.18176253063728282
0.1659498965973304
-0.12064141485563867
0.05389019122578162
0.02243944676651522
-0.09478070924362615
0.15027569810300587
-0.17906076309136257
0.1760196618344008
-0.14169291807669707
0.08218174927444948
-0.008063639400442872
-0.06748769751711119
0.13104380642596167
-0.17130825781739153
0.18112446919037375
-0.15874771227690518
0.10815522013052617
-0.038339275806537225
-0.03829107131836794
0.10811558348283605
-0.15872368846669424
0.18112032819708593
-0.17132473565900488
0.13107797433953836
-0.06753348251558834
-0.008014375118713949
0.08213776191710001
-0.1416620259335833
0.1760073556588592
-0.17906923017658852
0.15030343351370595
-0.09482278330242958
0.02248838125224734
0.05384309390298446
-0.12060452574926225
0.1659297723578208
-0.1817627481364298
0.16528930826302715
-0.11943743331242808
0.05235681152254543
0.024029682524461173
-0.09614515338558126
0.1511718350418331
-0.1793293139169238
0.17561289446361944
-0.14068313112900363
0.0807484217530314
-0.0064615301882240865
-0.0689738303678867
0.13214981844078785
-0.17183756700004843
0.18098299640397186
-0.1579606028204004
0.10686237442645391
-0.03677048357318629
-0.03985697377112702
0.10940027347322161
-0.1594988258686964
0.18124814049486598
-0.17078250556169966
0.12996207754063935
-0.06604225792765926
-0.009615878018472253
0.08356489284210271
-0.14266112738070777
0.17640084786019236
-0.17878717403436448
0.14939596153891127
-0.0934511890885583
0.02089645123647386
0.05537241091346065
-0.12179940975000858
0.16657784529238814
-0.18174882186086905
0.1646158580262621
-0.11822415780680892
0.050819357700964324
0.025618048425027542
-0.09750211604190369
0.15205620862211217
-0.17958391032420867
0.17519246186582893
-0.13966239699585936
0.07930881083472921
-0.004858918175358899
-0.07045459605554728
0.13324554728549876
-0.17235350473085986
0.18082744051884184
-0.1571612017408765
0.10556121328170891
-0.035198830063578865
-0.041419774773983224
0.11067645053762616
-0.16026155195164452
0.181361849061867
-0.17022698611161183
0.1288360678095573
-0.06454589429541605
-0.011216632663631055
0.08498552120797287
-0.14364912772562105
0.17678061352032828
-0.17849120566020005
0.1484768643942513
-0.09207232301849971
0.019302895174101147
0.05689741914827728
-0.12298481599236528
0.16721295605764802
-0.18172075289426626
0.163929598291219
-0.11700168274919029
0.04927794939721627
0.027204420870339245
-0.09885149162124263
0.1529287500267682
-0.17982453250192865
0.17475839675677546
-0.13863079510516568
0.07786302854212561
-0.003255928068276404
-0.071929879355073
0.13433090769651806
-0.1728560308623969
0.18065781363948477
-0.15634957124331708
0.10425183794547604
-0.03362443757512398
-0.04297935271838073
0.11194401537098819
-0.1610118073644009
0.18146144504991524
-0.16965822053620158
0.12770003276615993
-0.06304450805762475
-0.012816514492291464
0.08639953646924523
-0.14462595008758483
0.1771466230879975
-0.17818134808472183
0.1475462135987973
-0.09068629238800749
0.01770783706687405
0.05841799993970326
-0.12416065223455573
0.16783505523278294
-0.1816785434207937
0.16323058245884597
-0.11577010326583964
0.047732706555195174
0.028788676417640786
-0.10019317512263178
0.15378939135944072
-0.18005116172619293
0.1743107329130122
-0.13758840573049266
0.07641118737802574
-0.0016526846028267973
-0.07339956546805305
0.13540581521708414
-0.17334510629084707
0.18047412896532913
-0.15552577448433158
0.10293435030612332
-0.032047428618362905
-0.04453558624656438
0.11320286933840251
-0.16174953372622677
0.18154692070900022
-0.16907625309366942
0.12655406081042958
-0.061538216043882724
-0.014415399010472212
0.08780682859505004
-0.14559151845566956
0.17749884808235392
-0.17785762541933775
0.14660408157066196
-0.08929320505034188
0.01611140103341833
0.059934034964526886
-0.12532682697948785
0.16844409440946584
-0.1816221967249599
0.16251886492270023
-0.11452951519148073
0.04618374941717759
0.03037069178890208
-0.10152706214365993
0.1546380656497674
-0.18026378036196497
0.17384950516927064
-0.1365353099848332
0.07495340031670257
-4.931253457534799e-05
-0.07486354003161896
0.13647018620382126
-0.17382069295905772
0.1802764007897032
-0.15468987556724093
0.10160885288327336
-0.030467925907436067
-0.046088354261023055
0.1144529144827955
-0.1624746736313249
0.18161826938787753
-0.16848112906951235
0.12539824111558429
-0.06002713546552789
-0.016013161801797394
0.08920728807767463
-0.14654575769466965
0.17783726109519088
-0.17752006285436028
0.1456505416213643
-0.08789316940787714
0.014513711299582427
0.06144540625326284
-0.12648324948187392
0.16904002619562664
-0.18155171719135396
0.16179450106471566
-0.11328001506183608
0.04463119851446609
0.031950343880411104
-0.10285304888859498
0.155474706858595
-0.18046237186443506
0.1733747494157504
-0.13547158981429072
0.07348978079510614
0.001554063370905647
-0.07632168912734334
0.13752393783324898
-0.17428275385949688
0.18006464449872328
-0.15384193953708913
0.100275448819826
-0.028886052350534083
-0.04763753593391281
0.11569405353254746
-0.1631871706533068
0.18167548553458632
-0.1678728947730002
0.12423266362113862
-0.05851138390651787
-0.017609678537177622
0.09060080594108512
-0.14748859355094973
0.17816183579307393
-0.17716868665704677
0.14468566795012472
-0.08648629440366627
0.012914892188770778
0.06295199619933212
-0.1276298297552921
0.16962280421913994
-0.18146711030430443
0.161057547250893
-0.1120217001061153
0.04307517465801018
0.033527509772353276
-0.10417103217646079
0.1562992498831184
-0.18064692078030767
0.17288650259532604
-0.13439732799170298
0.07202044270403624
0.003157318347745106
-0.07777389929010489
0.13856698810822632
-0.17473125303713358
0.17983887657009612
-0.15298203237558206
0.09893424187393222
-0.027301931040333724
-0.04918301071645897
0.11692618990906198
-0.16388696934958324
0.1817185646968817
-0.1672515975335716
0.12305741902590565
-0.056991079314280144
-0.01920482498448476
0.09198727374940605
-0.14841995265822297
0.17847254691938993
-0.17680352416955522
0.14370953563809136
-0.08507268951296379
0.01131506811226967
0.06445368756821335
-0.12876647857918844
0.17019238313143387
-0.1813683826474528
0.16030806082691407
-0.11075466823944914
0.0415157989290055
0.03510206673837636
-0.10548090944906605
0.15711163056194652
-0.18081741274900387
0.17238480270067272
-0.13331260811020076
0.07054550037928034
0.00476032763948221
-0.07922005751691692
0.1395992558643332
-0.17516615559223486
0.179599114571837
-0.1521102209959529
0.09758533641092043
-0.02571568524441948
-0.05072465834833666
0.11814922773428103
-0.16457401526567894
0.18174750352258076
-0.16661728569715156
0.12187259878093873
-0.0554663399905342
-0.020798477018218842
0.09336658361535849
-0.1493397625432596
0.17876937029631257
-0.17642460380681663
0.1427222206424978
-0.08365246473470679
0.009714363559566334
0.06595036350656545
-0.12989310750581964
0.17074871861101842
-0.1812555419032408
0.1595461001136793
-0.1094790180552702
0.039953192669471935
0.03667389225514036
-0.10678257877898484
0.1579117856800949
-0.18097383450377882
0.1718696887713095
-0.1322175145767035
0.06906506859271638
0.006362966508773763
-0.08066005127572135
0.14062066077618512
-0.17558742768308247
0.1793453771609022
-0.15122657323775562
0.09622883739517483
-0.02412743839569175
-0.052262358867028846
0.1193630718381456
-0.16524825493946946
0.18176229975982366
-0.1659700086223892
0.12067829508241545
-0.05393728458208583
-0.022390510629167013
0.09473862820865502
-0.15024795163152677
0.17905228282668348
-0.17603195505432404
0.14172379979075236
-0.08222573058295546
0.008112903088661824
0.06744190755132055
-0.13100962886713557
0.17129176736693455
-0.18112859685231297
0.1587717244027694
-0.10819484881764116
0.038387477472811404
0.038242864011851535
-0.10807593887748819
0.15869965297390476
-0.18111617387275422
0.17134120089056173
-0.13111213260535087
0.067579262543382
0.007965110247100955
-0.08209376851414482
0.1416311233636847
-0.17599503652860524
0.17907768408173808
-0.15033115786158568
0.09486485038196847
-0.022537314082761627
-0.053795992617160865
0.12056762776600144
-0.16590963590534147
0.18176295225724892
-0.165309816676817
0.11947460086446351
-0.05240403207159482
-0.02398080193405314
0.09610330076435163
-0.151144449252758
0.1793212624958097
-0.17562560846583802
0.14071435077445976
-0.08079259807829364
0.006510811316378488
0.0689282036387463
-0.13211595578160107
0.17182148714212284
-0.180987557372833
0.15798499395183188
-0.10690226045353034
0.03681877517434622
0.039808859919780115
-0.10936088910242556
0.15947517113588816
-0.18124441977986527
0.1707993801824419
-0.12999654821087223
0.06608819784851029
0.009566634184473247
-0.08352109766821826
0.14263056499820556
-0.17638895041093067
0.17879605616474362
-0.1494240445437298
0.09349348150924877
-0.020945436040334237
-0.055325440259811766
0.12176280178594895
-0.1665581066982756
0.18174946096408268
-0.16463676123293142
0.11826160979192912
-0.05086670176831615
-0.02556922718517769
0.09746049509115573
-0.15202918564645224
0.17957628837317674
-0.1752055956610093
0.13969395214337574
-0.07935317873918966
0.004908212908663162
0.07040913611347761
-0.13321200216095663
0.17233783671671152
-0.1808324344397155
0.15718596997989182
-0.10560135354503612
0.03524720784183842
0.04137175812176035
-0.11063732946605648
0.1602382798194983
-0.18135856224572278
0.1702442688084495
-0.1288708482018931
0.06459199053453313
0.011167413699129632
-0.08494192767105811
0.14361890790871137
-0.1767691386778528
0.1785005153246503
-0.148505303870744
0.09211483748937879
-0.01935192813958029
-0.056850582781800295
0.12294850089613674
-0.1671936168578507
0.18172182693014302
-0.16395089466419552
0.11703941625308821
-0.04932541329881633
-0.027155662780047236
0.09881010557968918
-0.1529020919673023
0.1798173406140771
-0.17477194932291812
0.13866268329929465
-0.07790758457331864
0.003305232570886201
0.07188458973751605
-0.13429768271691728
0.1728407759112242
-0.18066324012377163
0.15637471466258848
-0.10429222932156014
0.03367289776599125
0.042931437001673005
-0.1119051606428309
0.16098891964382578
-0.18145859238838943
0.16967590996429052
-0.12773512017418034
0.06309075702805271
0.012767324227235964
-0.08635614796150885
0.14459607518780704
-0.17713557174521727
0.17819108455881652
-0.14757500733396103
0.09072902560083353
-0.017756914378497003
-0.05837130150494599
0.12412463283199879
-0.16781611693217083
0.18168005230575804
-0.16325227034096335
0.11580811535230215
-0.04778028659766437
-0.028739985270992294
0.10015202721070644
-0.15376310029055204
0.18004440046115483
-0.17432470319553112
0.13762062448987095
-0.07645592806884667
0.0017019950381376707
0.07335444969919712
-0.1353729129678093
0.17333026558970627
-0.18047998759077002
0.15555129112733687
-0.10297498965193011
0.0320959674509331
0.04448777519390863
-0.11316428397711832
0.1617270321982189
-0.18154450242407122
0.1690943478765159
-0.126589452503826
0.06158461414678177
0.014366241272577828
-0.0877636484927464
0.14556199079772364
-0.17748822109922344
0.1778677879454381
-0.14663322732392703
0.08933615367985186
-0.016160518872259395
-0.05988747809530401
0.12529110607343366
-0.1684255584817131
0.1816241403415986
-0.16254094262632718
0.11456780290261676
-0.046231441898099426
-0.03032207137477367
0.10148615556326623
-0.15461214361728198
0.18025745024586462
-0.17386389208107556
0.13656785680237454
-0.07499832218567762
9.862506552110025e-05
0.07481860162212432
-0.13643760924514403
0.17380626766277027
-0.18028269110041228
0.15471576344841562
-0.10164973703647308
0.03051653960468489
0.04604065159281175
-0.11441460149088437
0.16245256004682915
-0.18161628566772287
0.16849962779908023
-0.12543393434037017
0.06007367909045355
0.01596404041624822
-0.08916431974084116
0.14651657957623515
-0.17782705929864334
0.17753065064167464
-0.14568003712476885
0.0879363301120456
-0.01456286584356218
-0.061398994572373126
0.1264478298519266
-0.16902189408309676
0.18155409538842557
-0.1618169668718869
0.11331857541830721
-0.04467899972267469
-0.03190179798217524
0.10281238682285747
-0.15544915587962238
0.18045647338984727
-0.1733895518373311
0.1355044621573813
-0.07353488034666311
-0.0015047525815541614
0.07627693157406931
-0.13749168870012854
0.1742687450905599
-0.1800713660052232
0.1538681966419811
-0.10031657459903932
0.02893473712961169
0.04758994536210448
-0.11565601589131522
0.16316544673308023
-0.18167393653356825
0.16789179600982015
-0.12426865559986426
0.05855806943170185
0.017560597326328965
-0.09055805271328088
0.14745976724250692
-0.1781520599769569
0.17717969888169185
-0.14471551090849136
0.08652966382396525
-0.012964079612953693
-0.06290573331827665
0.1275947141576118
-0.16960507733277405
0.18146992289675082
-0.16108039941344335
0.11206053010736725
-0.043123080873879116
-0.033479042167584065
0.10413061778947715
-0.15627407194589496
0.18064145440621912
-0.17290171937483978
0.13443052330239824
-0.07206571642877681
-0.0031080131370816817
0.07772932607583731
-0.13853506931011253
0.1747176618856321
-0.17984602874935632
0.1530086566610082
-0.09897560607897779
0.027350683112859098
0.049135535944289536
-0.11688843057838806
0.16386563678406169
-0.18171745053553487
0.1672708998068538
-0.1230937069578736
0.05703790310691241
0.01915578776756581
-0.09194473895745141
0.14839148040287617
-0.1784631978444035
0.17681495997462043
-0.14373972372920565
0.08511626427462413
-0.011364284589161657
-0.06440757708691441
0.1287316697462774
-0.1701750628506405
0.1813716294164135
-0.16033129756661435
0.11079376486394527
-0.04156380642473726
-0.035053681198555536
0.105440745885661
-0.15708682762568046
0.1808123789007777
-0.17240043265403357
0.13334612380542477
-0.0705909447542529
-0.0047110318441663706
0.0791756721100976
-0.1395676698849707
0.17515298311575742
-0.17960669686731426
0.1521372103901582
-0.09762693582306382
0.025764500816775223
0.05067730307003109
-0.11811174965238835
0.16455307571484493
-0.1817468242876031
0.16663698750489947
-0.12190917984242229
0.055513298407045365
0.020749487611035383
-0.09332427056907643
0.1493116465565627
-0.17876044868995022
0.1764364623024307
-0.14275275151728903
0.08369624144698083
-0.009763605259412594
-0.06590440901308646
0.12985860814630917
-0.1707318062835663
0.1812592225960701
-0.15956971962237446
0.10951837826072684
-0.040001297709387935
-0.036625592545363794
0.10674266916446543
-0.15788735967481393
0.18096923357312128
-0.17188573068228077
0.1322513480484496
-0.06911068008169029
-0.006313683964732516
0.08061585713017783
-0.14058941007342088
0.17557467490663842
-0.1793533889825843
0.15125392564057413
-0.09627066877737939
0.024176313669319133
0.05221512676751366
-0.11932587792137181
0.16522771003272335
-0.18176205550406951
0.16599010843151682
-0.12071516642687813
0.05398437396843093
0.022341572843804582
-0.09469654020061338
0.1502201941013109
-0.1790437893831754
0.1760442353177242
-0.14175467107347614
0.08226970583938088
-0.008162166179744785
-0.06739611262158669
0.13097544166557565
-0.17127526430884776
0.1811327111825997
-0.15879572484251955
0.10823446954126417
-0.038435676313642704
-0.038194653890536265
0.10803628631740055
-0.15867560580030587
0.18111200621768447
-0.17135765351085022
0.13114628122088506
-0.06762503759712266
-0.007915844789230013
0.08204976906882187
-0.14160021036927586
0.1759827044445455
-0.17908612480618896
0.15035887114460436
-0.09490691047914655
0.022586245254456457
0.05374888737177768
-0.12053072090857202
0.16588948724137464
-0.1817631429997249
0.16533031292326797
-0.11951175962278068
0.05245124876353741
0.023931919578580273
-0.09606144106960718
0.15111705233896103
-0.17931319787606884
0.17563830954144197
-0.14074556006288313
0.0808367684569585
-0.006560091965316082
-0.06888257183626652
0.13208208339825123
-0.1718053946375783
0.18099210502042268
-0.15800937345505517
0.1069421386122535
-0.036867064065524854
-0.03976074313837196
0.10932149668231318
-0.15945150466518984
0.18124068572468718
-0.17081624223179556
0.13003100931293737
-0.0661341329050555
-0.009517389646338937
0.08347729634691002
-0.14259999211763105
0.1763770399788699
-0.17880492513515286
0.14945211655045373
-0.09353576704851564
0.020994419302542554
0.05527846553403096
-0.121726184859752
0.16653835584494595
-0.18175008668994622
0.164657652321801
-0.11829905307261097
0.05091404209171375
0.02552040406334979
-0.09741886696699906
0.15200215148095095
-0.1795686532047473
0.17521871656048935
-0.13972549700896397
0.07939754080299867
-0.004957507280707044
-0.07036367098906708
0.1331784472315789
-0.17232215601793915
0.18083741505073528
-0.15721072664950972
0.10564148603576108
-0.03529558302578912
-0.04132373842444184
0.11059820025122033
-0.16021499589329477
0.18135526208099992
-0.1702615389747566
0.1289056191089163
-0.06463808201947009
-0.011118193912670288
0.0848983278821419
-0.14358867752098395
0.17675765082459516
-0.17850981185088347
0.1485337324167645
-0.09215734518030694
0.019400959680694742
0.056803742230936
-0.12291217675049956
0.16717426535206073
-0.18172288759070362
0.16397217896985425
-0.11707714114250527
0.049372873569905947
0.02710690269101034
-0.09876871226539136
0.15287542265374637
-0.17981013549108582
0.1747854890252782
-0.1386945612874003
0.07795213487026065
-0.0033545368302201617
-0.07183929482902002
0.1342644478525713
-0.1728255082384096
0.18066865331065782
-0.1563998465721735
0.10433261302139774
-0.033721355478424
-0.042883518125072205
0.11186629767809068
-0.16096602007394378
0.18145572637092244
-0.16969358690368197
0.1277701981804814
-0.06313700135479627
-0.01271813302246399
0.08631275309767975
-0.14456618964528892
0.1771245073646841
-0.17820080791746923
0.14760379020712533
-0.09077175213570887
0.01780599038315345
0.05832459877387153
-0.12408860429346608
0.16779716627974797
-0.18168154781848098
0.16327394620718397
-0.1158461189149115
0.04782786312334946
0.028691292008987675
-0.1001108719272669
0.15373679790420033
-0.18003762594426462
0.17433866064718626
-0.1376528331199247
0.07650066313226322
-0.0017513053481761729
-0.07330932853121565
0.13534000075464883
-0.1733154121308955
0.18048583293229825
-0.1555767963212624
0.1030156214184435
-0.032144503921135936
-0.044439960866808285
0.1131256902865756
-0.16170451876657668
0.18154207077687778
-0.1691124302134697
0.1266248348798279
-0.061631007716853405
-0.014317082477281475
0.08772046193075346
-0.14553245242594287
0.17747758105238395
-0.17787793737989213
0.14666236228451077
-0.08937909573393106
0.016209635521633802
0.059840916818168395
-0.12525537594554764
0.1684070101572926
-0.18162607059011132
0.16256300836641327
-0.11460608218119082
0.04627913097623712
0.030273448728842398
-0.1014452415131622
0.15458621020484112
-0.18025110686223106
0.17387826619593383
-0.1366003935680785
0.07504323853453276
-0.00014793758920775434
-0.07477365770573786
0.13640502224421602
-0.17379182957377762
0.18028896814173026
-0.15474163994200815
0.10169061370792229
-0.03056515105581738
-0.04599294553585908
0.11437628007768735
-0.16243043450529776
0.18161428858002032
-0.16851811412652867
0.12546961833281156
-0.06012021829376148
-0.01591491785569385
0.08912134484122448
-0.14648739067370495
0.17781684441344725
-0.177541225362157
0.14570952190565
-0.08797948434381485
0.01461201931566777
0.061352578372318216
-0.12641240091500863
0.16900374953000707
-0.1815564602225267
0.16183942076880434
-0.11335712743416353
0.04472679764236393
0.03185324973586355
-0.10277171718979466
0.15542359345908757
-0.18045056163307746
0.17340434149687817
-0.13553732452690373
0.07357997448581431
0.0014554416814480382
-0.07623216840656558
0.13745942944717374
-0.1742547234948778
0.18007807425788624
-0.15389444242167458
0.1003576929946272
-0.02898341977899878
-0.047542351287521795
0.11561796973742491
-0.16314371080334739
0.18167237416075896
-0.16791068488925928
0.12430463843201359
-0.058604750646821975
-0.01751151482296341
0.09051529282011005
-0.14743093008054683
0.17814227104827013
-0.17719069806533622
0.1447453432153268
-0.08657302687540022
0.013013266082938268
0.0628594658071551
-0.12755958916854657
0.16958733796292413
-0.18147272213242208
0.16110323971995366
-0.11209935186060056
0.043170983915749375
0.033430572098648734
-0.10409019573814217
0.15624888250639282
-0.1806359747363334
0.17291692342822593
-0.1344637087185708
0.0721109848492468
0.0030587076976583763
-0.07768474714043916
0.13850314031536803
-0.17470405787434382
0.17985316769136517
-0.15303526968450085
0.09901696299909751
-0.027399433172285496
-0.04908805755558525
0.11685066264434636
-0.16384429215749755
0.18171632299919407
-0.16729018976845503
0.12312998582974535
-0.0570847227013699
-0.019106749140718717
0.09190219739806565
-0.14836299722543494
0.17845383563394665
-0.17682638276553087
0.14376990124060993
-0.08515983277145125
0.011413500229605422
0.06436146186500884
-0.1286968514382977
0.17015773004441032
-0.1813748628358337
0.16035452250541082
-0.11083285333366083
0.04161181086123798
0.03500529307867002
-0.10540057456147496
0.1570620131273142
-0.18080733174417374
0.1724160499181632
-0.1333796296859414
0.07063638393350287
0.004661735702103307
-0.07913128087569192
0.13953607363297493
-0.1751397977474521
0.1796142659431559
-0.15216418858657113
0.09766852804954805
-0.025813314492780064
-0.05062994406171153
0.11807426287708767
-0.16453212405237058
0.18174613167546952
-0.16665667704762444
0.12194575193099468
-0.05556025273759764
-0.02070049667662233
0.09328195065382519
-0.14928351958004424
0.17875151392623878
-0.17644830781174864
0.1427832718850145
-0.08374001199893995
0.009812846240625792
0.06585844966882907
-0.12982409922878385
0.17071488138969923
-0.18126288994763257
0.15959332738622048
-0.1095577304052755
0.04004939980507861
0.036577290139824754
-0.10670275169333925
0.15786292204851096
-0.18096461932254104
0.17190175994190443
-0.13228517178606747
0.06915628648389384
0.0062644009559835595
-0.08057165705104573
0.14055814902281974
-0.17556190920732873
0.17936138760327486
-0.15128126691061303
0.09631249307375027
-0.02422518716349145
-0.0521678908247958
0.11928867522182614
-0.16520715296468177
0.18176179787003807
-0.16601019602323425
0.12075202888631227
-0.05403145938135192
-0.022292633414031458
0.09465444522259674
-0.1501924255144051
0.17903528276145764
-0.17605650262370645
0.14178553192258225
-0.08231367504051054
0.008211428670032531
0.06735031273122881
-0.1309412448238778
0.1712587486442228
-0.18113681218112113
0.15881971359409558
-0.10827408229893275
0.0384838723247823
0.038146440956886796
-0.1079966258071667
0.15865154694507874
-0.18110782523618466
0.17137409351247523
-0.13118042019318552
0.06767080765866823
0.007866578725894592
-0.0820057636196592
0.1415692868980896
-0.17597035949188708
0.1790945522190291
-0.15038657356209648
0.0949489632796295
-0.02263517524477242
-0.05370177891378774
0.12049380403057869
-0.16586932814343974
0.1817633176188492
-0.16535080124346183
0.11954890302741027
-0.05249847172958407
-0.023883051125540736
0.09601955009472307
-0.15108968172033355
0.17930506222622636
-0.17565108707319618
0.14077662084291517
-0.08088114640526908
0.006609042121364888
0.06883642490914096
-0.1320489896202345
0.17178807107081642
-0.18099852249992884
0.15803083077955266
-0.10698650737479268
0.036908397544961814
0.03970187745537403
-0.10929870470791674
0.15940215624843646
-0.1812766119070873
0.1707717687036682
-0.13016022702481103
0.06603355803755781
0.009241815143818445
-0.08378359571394317
0.14202914049126744
-0.17720254815739458
0.1775263073840297
-0.15148948687613858
0.09052768706029427
-0.025914683818731528
-0.0623152142750677
0.10947654047548856
-0.18180257047049816
0.1479245946166673
-0.18797556951869654
