[Reference only] Direct solution from numpy.linalg.solve() for N: 1299 and matrix A;	norm: 3.3420729219853998e-15;	time: 0.04697
0.09197090797773728
-0.13146996780746448
0.1792060224543942
-0.17753952269777762
0.1566927663949727
-0.10034758108767475
0.03124138877180302
0.046656510944244375
-0.11415045269533415
0.16271583697039158
-0.1814780058886558
0.16855446889114553
-0.1253030484231281
0.06001905637933475
0.016087179437924145
-0.08923414368304987
0.14658534681246252
-0.1778407071465014
0.1775138246784534
-0.1456182127469935
0.08785182852973353
-0.01446337406282224
-0.06149104888793283
0.1265191544553651
-0.16905782582096274
0.18154953270363183
-0.16177188937135237
0.11324153305230072
-0.04458333793545446
-0.03199885113897442
0.10289372686269657
-0.15550023120320353
0.18046826688507114
-0.17335992787399024
0.1354387116145348
-0.07344467317235473
-0.0016033723234647813
0.07636644217750728
-0.1375561761231254
0.1742967502671745
-0.1800579094370407
0.1538156713042248
-0.10023431553365754
0.028837365527103257
0.047685123052339455
-0.11573208262409801
0.1632088825845712
-0.18167702114937234
0.16785398118945996
-0.12419666249248834
0.05846469407858659
0.017658758454407463
-0.09064355249875167
0.14751740900480448
-0.1781715984952218
0.17715766139265143
-0.14465581434213876
0.0864429186178796
-0.012865703813890725
-0.0629982544468393
0.12766493595905265
-0.16964051862068483
0.18146428435531073
-0.1610346832339711
0.11198286185971149
-0.04302726527166297
-0.0335759749093853
0.10421143889612086
-0.15632441631620828
0.1806523738581977
-0.17287127309080408
0.13436412278892867
-0.07197516367835713
-0.0032066233260195243
0.07781846677996118
-0.13859889670736023
0.17474483132784785
-0.17983171115411112
0.1529553968301819
-0.09889287038700552
0.027253176958297598
0.04923048186859921
-0.1169639406335889
0.16390828985249212
-0.1817196654831525
0.1672322829500291
-0.12302112203651239
0.05694425132691954
0.01925386078786625
-0.09202980177079889
0.1484484139893796
-0.17848188285821787
0.17679207535117689
-0.14367933696948895
0.08502910848967746
-0.011265850802551956
-0.06449979330551174
0.12880127793446888
-0.1702096908855156
0.18136512252919068
-0.1602848122880204
0.11071556346305002
-0.04146778837757623
-0.03515044969457117
0.10552106524873388
-0.15713642193428676
0.18082243328848174
-0.17236916005923103
0.13327908260273624
-0.07050005081193006
-0.0048096230844224845
0.07926443709288294
-0.1396308315687374
0.17517931517591487
-0.17959151905728207
0.1520832204059418
-0.09754372981617955
0.025666867779305894
0.05077200989314283
-0.1181866971200072
0.16459494270333144
-0.1817481693803524
0.16659757162583075
-0.12183600874923643
0.05541937749152043
0.020847464894566868
-0.0934088897895571
0.14936786753806525
-0.17877827874466926
0.17641273232577925
-0.1426916792628881
0.08360868186533989
-0.009665121144711434
-0.06599631314588374
0.12992759730477588
-0.1707656183708108
0.1812518478694155
-0.15952246886187352
0.10943964979180258
-0.039905084688871356
-0.03672218926559948
0.10682248053395993
-0.15793620006255607
0.18097842211417484
-0.17185363421017158
0.1321836713733192
-0.06901945202032937
-0.006412248584480083
0.0807042394844233
-0.1406519011288125
0.17560016753572197
-0.17933735213881852
0.15119920970417056
-0.09618699893021565
0.024078561346206586
0.05230958711986482
-0.11940025696941
0.1652687876834078
-0.18176253063728276
0.1659498965973304
-0.12064141485563867
0.053890191225781627
0.02243944676651523
-0.09478070924362614
0.1502756981030059
-0.17906076309136257
0.17601966183440082
-0.14169291807669704
0.08218174927444949
-0.008063639400442862
-0.06748769751711117
0.1310438064259617
-0.17130825781739148
0.1811244691903738
-0.15874771227690512
0.10815522013052617
-0.038339275806537204
-0.03829107131836792
0.10811558348283608
-0.1587236884666942
0.18112032819708596
-0.17132473565900488
0.13107797433953836
-0.06753348251558834
-0.008014375118713949
0.08213776191710001
-0.1416620259335833
0.1760073556588592
-0.17906923017658855
0.15030343351370595
-0.09482278330242959
0.02248838125224733
0.05384309390298444
-0.12060452574926228
0.16592977235782078
-0.18176274813642987
0.16528930826302707
-0.1194374333124281
0.05235681152254539
0.024029682524461134
-0.09614515338558129
0.151171835041833
-0.1793293139169239
0.1756128944636194
-0.14068313112900366
0.0807484217530314
-0.0064615301882240805
-0.0689738303678867
0.13214981844078788
-0.1718375670000484
0.18098299640397186
-0.1579606028204004
0.10686237442645391
-0.03677048357318629
-0.03985697377112703
0.10940027347322162
-0.1594988258686964
0.18124814049486598
-0.17078250556169966
0.12996207754063935
-0.06604225792765926
-0.009615878018472267
0.0835648928421027
-0.1426611273807078
0.17640084786019236
-0.17878717403436448
0.1493959615389113
-0.0934511890885583
0.020896451236473882
0.055372410913460665
-0.12179940975000855
0.16657784529238814
-0.181748821860869
0.16461585802626214
-0.1182241578068089
0.050819357700964345
0.02561804842502756
-0.09750211604190369
0.1520562086221122
-0.17958391032420867
0.1751924618658289
-0.13966239699585944
0.07930881083472915
-0.004858918175358937
-0.07045459605554732
0.13324554728549873
-0.17235350473085992
0.18082744051884178
-0.15716120174087658
0.10556121328170885
-0.0351988300635789
-0.041419774773983245
0.11067645053762615
-0.16026155195164452
0.18136184906186695
-0.17022698611161186
0.12883606780955728
-0.06454589429541607
-0.011216632663631083
0.08498552120797286
-0.1436491277256211
0.17678061352032826
-0.1784912056602
0.1484768643942513
-0.0920723230184997
0.019302895174101147
0.05689741914827728
-0.12298481599236528
0.167212956057648
-0.18172075289426626
0.16392959829121903
-0.11700168274919026
0.049277949397216275
0.027204420870339256
-0.0988514916212426
0.15292875002676823
-0.1798245325019286
0.17475839675677554
-0.13863079510516563
0.07786302854212562
-0.0032559280682763975
-0.071929879355073
0.13433090769651806
-0.17285603086239684
0.1806578136394848
-0.15634957124331705
0.10425183794547606
-0.033624437575123955
-0.042979352718380694
0.11194401537098823
-0.16101180736440085
0.18146144504991532
-0.16965822053620155
0.12770003276615993
-0.06304450805762475
-0.012816514492291469
0.08639953646924523
-0.14462595008758486
0.17714662308799747
-0.17818134808472183
0.1475462135987973
-0.09068629238800749
0.017707837066874038
0.05841799993970326
-0.12416065223455576
0.16783505523278294
-0.18167854342079373
0.16323058245884597
-0.11577010326583964
0.04773270655519516
0.02878867641764078
-0.10019317512263179
0.15378939135944072
-0.18005116172619293
0.17431073291301216
-0.1375884057304927
0.07641118737802573
-0.0016526846028268084
-0.07339956546805305
0.1354058152170841
-0.17334510629084704
0.18047412896532916
-0.15552577448433152
0.10293435030612334
-0.03204742861836289
-0.04453558624656437
0.11320286933840253
-0.16174953372622677
0.18154692070900022
-0.16907625309366942
0.12655406081042958
-0.06153821604388271
-0.014415399010472197
0.08780682859505007
-0.14559151845566953
0.17749884808235394
-0.17785762541933772
0.146604081570662
-0.08929320505034188
0.01611140103341833
0.05993403496452687
-0.12532682697948783
0.16844409440946584
-0.18162219672495994
0.1625188649227002
-0.11452951519148073
0.04618374941717758
0.030370691788902074
-0.10152706214365993
0.1546380656497674
-0.18026378036196491
0.17384950516927067
-0.13653530998483318
0.0749534003167026
-4.9312534575342066e-05
-0.07486354003161896
0.13647018620382126
-0.1738206929590577
0.1802764007897032
-0.15468987556724095
0.10160885288327334
-0.03046792590743608
-0.04608835426102307
0.11445291448279547
-0.16247467363132492
0.18161826938787753
-0.16848112906951235
0.12539824111558429
-0.0600271354655279
-0.016013161801797387
0.08920728807767464
-0.14654575769466965
0.17783726109519088
-0.17752006285436028
0.14565054162136434
-0.08789316940787713
0.014513711299582432
0.06144540625326284
-0.12648324948187395
0.1690400261956266
-0.18155171719135396
0.16179450106471566
-0.11328001506183609
0.04463119851446609
0.031950343880411104
-0.10285304888859499
0.15547470685859496
-0.180462371864435
0.1733747494157504
-0.1354715898142907
0.07348978079510617
0.0015540633709056565
-0.07632168912734334
0.13752393783324898
-0.1742827538594969
0.18006464449872334
-0.15384193953708908
0.10027544881982603
-0.02888605235053406
-0.04763753593391278
0.11569405353254746
-0.16318717065330676
0.18167548553458632
-0.1678728947730002
0.1242326636211386
-0.05851138390651787
-0.017609678537177622
0.09060080594108512
-0.14748859355094973
0.1781618357930739
-0.1771686866570468
0.1446856679501247
-0.08648629440366627
0.012914892188770774
0.06295199619933212
-0.1276298297552921
0.16962280421913994
-0.1814671103043044
0.16105754725089305
-0.1120217001061153
0.043075174658010196
0.033527509772353276
-0.10417103217646079
0.15629924988311839
-0.18064692078030767
0.172886502595326
-0.13439732799170298
0.07202044270403624
0.003157318347745121
-0.07777389929010486
0.13856698810822637
-0.1747312530371335
0.17983887657009617
-0.15298203237558206
0.09893424187393224
-0.027301931040333717
-0.04918301071645894
0.116926189909062
-0.1638869693495832
0.18171856469688175
-0.16725159753357155
0.12305741902590572
-0.05699107931428011
-0.01920482498448473
0.09198727374940607
-0.14841995265822294
0.17847254691938993
-0.17680352416955525
0.14370953563809136
-0.08507268951296382
0.011315068112269662
0.06445368756821335
-0.12876647857918844
0.17019238313143387
-0.1813683826474528
0.1603080608269141
-0.11075466823944911
0.04151579892900551
0.03510206673837637
-0.10548090944906605
0.1571116305619465
-0.18081741274900387
0.17238480270067275
-0.13331260811020076
0.07054550037928037
0.004760327639482221
-0.0792200575169169
0.13959925586433317
-0.17516615559223483
0.179599114571837
-0.1521102209959529
0.09758533641092043
-0.02571568524441948
-0.05072465834833665
0.11814922773428105
-0.16457401526567889
0.18174750352258076
-0.16661728569715153
0.12187259878093874
-0.055466339990534186
-0.020798477018218832
0.0933665836153585
-0.1493397625432596
0.17876937029631262
-0.17642460380681663
0.14272222064249782
-0.08365246473470678
0.009714363559566355
0.06595036350656548
-0.12989310750581962
0.17074871861101845
-0.1812555419032408
0.1595461001136793
-0.10947901805527019
0.03995319266947193
0.03667389225514035
-0.10678257877898485
0.15791178568009487
-0.18097383450377885
0.17186968877130948
-0.1322175145767035
0.06906506859271638
0.00636296650877377
-0.08066005127572135
0.14062066077618515
-0.17558742768308244
0.17934537716090226
-0.1512265732377556
0.09622883739517488
-0.024127438395691734
-0.052262358867028826
0.11936307183814562
-0.16524825493946946
0.18176229975982366
-0.16597000862238917
0.12067829508241545
-0.05393728458208585
-0.022390510629167016
0.09473862820865499
-0.15024795163152677
0.17905228282668348
-0.17603195505432404
0.1417237997907524
-0.08222573058295544
0.008112903088661824
0.06744190755132055
-0.13100962886713557
0.17129176736693458
-0.18112859685231297
0.1587717244027694
-0.10819484881764116
0.038387477472811404
0.038242864011851535
-0.10807593887748819
0.15869965297390476
-0.18111617387275422
0.17134120089056173
-0.1311121326053509
0.06757926254338198
0.007965110247100952
-0.08209376851414482
0.1416311233636847
-0.17599503652860524
0.17907768408173808
-0.15033115786158568
0.09486485038196847
-0.022537314082761627
-0.053795992617160865
0.12056762776600144
-0.1659096359053415
0.1817629522572489
-0.16530981667681702
0.11947460086446351
-0.05240403207159481
-0.023980801934053123
0.09610330076435165
-0.15114444925275797
0.17932126249580974
-0.175625608465838
0.1407143507744598
-0.08079259807829364
0.006510811316378488
0.0689282036387463
-0.13211595578160107
0.17182148714212284
-0.18098755737283304
0.15798499395183185
-0.10690226045353034
0.036818775174346216
0.0398088599197801
-0.10936088910242556
0.15947517113588813
-0.1812444197798653
0.1707993801824419
-0.12999654821087223
0.06608819784851029
0.009566634184473238
-0.08352109766821827
0.14263056499820553
-0.17638895041093072
0.1787960561647436
-0.14942404454372982
0.09349348150924874
-0.020945436040334272
-0.055325440259811794
0.1217628017859489
-0.16655810669827562
0.18174946096408265
-0.16463676123293144
0.11826160979192907
-0.05086670176831617
-0.025569227185177717
0.0974604950911557
-0.1520291856464523
0.17957628837317674
-0.17520559566100935
0.13969395214337574
-0.07935317873918972
0.004908212908663128
0.07040913611347757
-0.1332120021609567
0.17233783671671146
-0.1808324344397155
0.15718596997989182
-0.10560135354503611
0.03524720784183842
0.04137175812176037
-0.11063732946605648
0.1602382798194983
-0.18135856224572278
0.17024426880844953
-0.1288708482018931
0.06459199053453313
0.011167413699129616
-0.08494192767105814
0.14361890790871132
-0.17676913867785285
0.17850051532465028
-0.14850530387074404
0.0921148374893788
-0.019351928139580293
-0.0568505827818003
0.12294850089613676
-0.1671936168578507
0.18172182693014302
-0.16395089466419552
0.11703941625308821
-0.049325413298816345
-0.027155662780047267
0.09881010557968915
-0.15290209196730242
0.179817340614077
-0.17477194932291823
0.13866268329929463
-0.07790758457331869
0.0033052325708861742
0.07188458973751602
-0.1342976827169173
0.17284077591122418
-0.1806632401237717
0.15637471466258845
-0.1042922293215602
0.03367289776599123
0.042931437001672956
-0.11190516064283097
0.16098891964382572
-0.18145859238838952
0.1696759099642905
-0.12773512017418034
0.0630907570280527
0.012767324227235956
-0.08635614796150887
0.14459607518780704
-0.17713557174521727
0.17819108455881655
-0.147575007333961
0.09072902560083355
-0.017756914378496986
-0.05837130150494599
0.12412463283199877
-0.16781611693217086
0.181680052305758
-0.1632522703409634
0.1158081153523021
-0.04778028659766441
-0.028739985270992346
0.10015202721070637
-0.15376310029055215
0.1800444004611547
-0.1743247031955312
0.1376206244898709
-0.07645592806884671
0.0017019950381376406
0.07335444969919709
-0.13537291296780932
0.1733302655897062
-0.18047998759077008
0.15555129112733684
-0.10297498965193015
0.032095967450933065
0.04448777519390859
-0.11316428397711838
0.16172703219821885
-0.18154450242407127
0.16909434787651584
-0.12658945250382603
0.06158461414678175
0.01436624127257781
-0.0877636484927464
0.1455619907977236
-0.17748822109922346
0.17786778794543806
-0.14663322732392703
0.08933615367985186
-0.01616051887225937
-0.05988747809530399
0.12529110607343372
-0.16842555848171303
0.18162414034159863
-0.16254094262632715
0.11456780290261678
-0.04623144189809942
-0.030322071374773663
0.10148615556326623
-0.15461214361728198
0.18025745024586462
-0.17386389208107553
0.13656785680237457
-0.07499832218567762
9.862506552111132e-05
0.07481860162212434
-0.136437609245144
0.17380626766277033
-0.1802826911004122
0.1547157634484157
-0.10164973703647306
0.03051653960468491
0.04604065159281177
-0.11441460149088434
0.16245256004682915
-0.18161628566772284
0.16849962779908023
-0.12543393434037015
0.06007367909045358
0.01596404041624823
-0.08916431974084117
0.14651657957623515
-0.17782705929864337
0.1775306506416746
-0.14568003712476887
0.08793633011204559
-0.01456286584356218
-0.061398994572373126
0.12644782985192662
-0.16902189408309673
0.18155409538842557
-0.16181696687188687
0.1133185754183072
-0.044678999722674674
-0.031901797982175246
0.10281238682285747
-0.1554491558796224
0.18045647338984724
-0.1733895518373311
0.1355044621573813
-0.07353488034666313
-0.001504752581554174
0.07627693157406933
-0.13749168870012857
0.17426874509055995
-0.18007136600522317
0.15386819664198112
-0.1003165745990393
0.0289347371296117
0.04758994536210449
-0.11565601589131522
0.16316544673308025
-0.18167393653356823
0.16789179600982015
-0.12426865559986426
0.05855806943170184
0.01756059732632896
-0.09055805271328088
0.14745976724250692
-0.17815205997695693
0.1771796988816918
-0.14471551090849138
0.08652966382396524
-0.012964079612953709
-0.06290573331827667
0.12759471415761178
-0.16960507733277405
0.18146992289675082
-0.16108039941344332
0.11206053010736726
-0.0431230808738791
-0.033479042167584044
0.10413061778947719
-0.15627407194589496
0.18064145440621918
-0.17290171937483975
0.13443052330239827
-0.0720657164287768
-0.0031080131370816748
0.07772932607583731
-0.13853506931011253
0.17471766188563206
-0.17984602874935635
0.15300865666100819
-0.09897560607897782
0.027350683112859084
0.049135535944289516
-0.11688843057838806
0.16386563678406169
-0.18171745053553487
0.16727089980685383
-0.12309370695787362
0.057037903106912424
0.0191557877675658
-0.09194473895745144
0.14839148040287614
-0.17846319784440356
0.17681495997462038
-0.1437397237292057
0.08511626427462411
-0.011364284589161677
-0.06440757708691443
0.12873166974627734
-0.1701750628506405
0.18137162941641344
-0.16033129756661432
0.11079376486394527
-0.04156380642473726
-0.03505368119855554
0.10544074588566099
-0.15708682762568046
0.18081237890077767
-0.17240043265403357
0.13334612380542477
-0.0705909447542529
-0.004711031844166374
0.0791756721100976
-0.13956766988497074
0.17515298311575742
-0.17960669686731429
0.15213721039015818
-0.09762693582306387
0.025764500816775202
0.050677303070031064
-0.11811174965238838
0.1645530757148449
-0.1817468242876031
0.16663698750489944
-0.12190917984242232
0.055513298407045344
0.020749487611035372
-0.09332427056907644
0.1493116465565627
-0.17876044868995022
0.17643646230243068
-0.14275275151728903
0.0836962414469808
-0.009763605259412599
-0.06590440901308647
0.12985860814630917
-0.17073180628356632
0.18125922259607008
-0.15956971962237446
0.10951837826072684
-0.04000129770938793
-0.03662559254536379
0.10674266916446545
-0.15788735967481393
0.18096923357312134
-0.17188573068228072
0.13225134804844962
-0.06911068008169026
-0.0063136839647324776
0.08061585713017787
-0.1405894100734208
0.1755746749066385
-0.1793533889825842
0.1512539256405742
-0.09627066877737936
0.02417631366931914
0.052215126767513664
-0.11932587792137181
0.16522771003272335
-0.18176205550406957
0.16599010843151682
-0.12071516642687818
0.05398437396843089
0.022341572843804548
-0.09469654020061342
0.15022019410131085
-0.17904378938317544
0.17604423531772417
-0.14175467107347617
0.08226970583938087
-0.008162166179744792
-0.06739611262158669
0.13097544166557565
-0.17127526430884774
0.1811327111825997
-0.15879572484251958
0.10823446954126419
-0.03843567631364272
-0.03819465389053627
0.10803628631740052
-0.1586756058003059
0.18111200621768445
-0.17135765351085025
0.13114628122088504
-0.06762503759712266
-0.007915844789230023
0.08204976906882186
-0.1416002103692759
0.17598270444454545
-0.17908612480618902
0.15035887114460433
-0.09490691047914657
0.022586245254456454
0.053748887371777666
-0.12053072090857202
0.16588948724137464
-0.1817631429997249
0.165330312923268
-0.11951175962278067
0.05245124876353741
0.023931919578580277
-0.09606144106960719
0.15111705233896103
-0.17931319787606884
0.17563830954144197
-0.14074556006288316
0.08083676845695849
-0.006560091965316098
-0.06888257183626653
0.13208208339825117
-0.17180539463757832
0.18099210502042262
-0.15800937345505522
0.10694213861225346
-0.036867064065524854
-0.039760743138371954
0.1093214966823132
-0.1594515046651898
0.1812406857246872
-0.1708162422317955
0.13003100931293737
-0.06613413290505547
-0.009517389646338916
0.08347729634691005
-0.142599992117631
0.17637703997886992
-0.17880492513515284
0.14945211655045376
-0.09353576704851563
0.02099441930254256
0.05527846553403096
-0.121726184859752
0.16653835584494592
-0.18175008668994624
0.164657652321801
-0.118299053072611
0.05091404209171375
0.02552040406334979
-0.09741886696699906
0.15200215148095095
-0.1795686532047473
0.1752187165604893
-0.13972549700896403
0.07939754080299866
-0.004957507280707057
-0.07036367098906711
0.13317844723157887
-0.17232215601793927
0.18083741505073522
-0.1572107266495098
0.10564148603576107
-0.035295583025789126
-0.04132373842444186
0.11059820025122033
-0.16021499589329477
0.18135526208099992
-0.17026153897475657
0.1289056191089163
-0.06463808201947006
-0.011118193912670276
0.0848983278821419
-0.14358867752098392
0.1767576508245952
-0.17850981185088344
0.14853373241676454
-0.09215734518030691
0.01940095968069477
0.05680374223093601
-0.12291217675049954
0.16717426535206076
-0.1817228875907036
0.16397217896985425
-0.11707714114250527
0.04937287356990596
0.027106902691010362
-0.09876871226539133
0.1528754226537464
-0.17981013549108577
0.17478548902527824
-0.13869456128740026
0.07795213487026066
-0.003354536830220155
-0.07183929482902002
0.1342644478525713
-0.1728255082384096
0.18066865331065782
-0.15639984657217354
0.10433261302139775
-0.033721355478424
-0.0428835181250722
0.11186629767809068
-0.16096602007394378
0.18145572637092244
-0.16969358690368197
0.12777019818048138
-0.06313700135479627
-0.012718133022464002
0.08631275309767976
-0.14456618964528897
0.1771245073646841
-0.17820080791746923
0.14760379020712533
-0.09077175213570886
0.017805990383153447
0.05832459877387154
-0.12408860429346608
0.167797166279748
-0.18168154781848098
0.16327394620718394
-0.1158461189149115
0.04782786312334945
0.028691292008987675
-0.1001108719272669
0.15373679790420036
-0.18003762594426462
0.17433866064718626
-0.1376528331199247
0.07650066313226322
-0.0017513053481761857
-0.07330932853121566
0.1353400007546488
-0.17331541213089552
0.18048583293229825
-0.1555767963212624
0.10301562141844353
-0.03214450392113593
-0.044439960866808265
0.11312569028657563
-0.16170451876657665
0.18154207077687778
-0.1691124302134697
0.1266248348798279
-0.061631007716853405
-0.014317082477281485
0.08772046193075343
-0.14553245242594287
0.17747758105238395
-0.1778779373798921
0.14666236228451074
-0.08937909573393106
0.016209635521633778
0.05984091681816838
-0.12525537594554767
0.1684070101572926
-0.18162607059011132
0.1625630083664133
-0.11460608218119082
0.04627913097623711
0.03027344872884239
-0.10144524151316223
0.1545862102048411
-0.18025110686223111
0.1738782661959338
-0.13660039356807852
0.07504323853453276
-0.00014793758920776223
-0.07477365770573786
0.13640502224421602
-0.17379182957377765
0.18028896814173023
-0.15474163994200815
0.10169061370792229
-0.03056515105581738
-0.04599294553585908
0.11437628007768738
-0.16243043450529776
0.18161428858002035
-0.16851811412652867
0.1254696183328116
-0.06012021829376147
-0.01591491785569384
0.08912134484122448
-0.14648739067370495
0.17781684441344728
-0.17754122536215702
0.14570952190565
-0.08797948434381483
0.014612019315667767
0.061352578372318216
-0.12641240091500863
0.16900374953000707
-0.18155646022252667
0.16183942076880434
-0.11335712743416351
0.04472679764236393
0.031853249735863544
-0.10277171718979468
0.15542359345908757
-0.18045056163307746
0.1734043414968782
-0.13553732452690373
0.07357997448581431
0.0014554416814480287
-0.07623216840656558
0.1374594294471737
-0.17425472349487783
0.1800780742578862
-0.15389444242167458
0.1003576929946272
-0.02898341977899878
-0.04754235128752181
0.11561796973742491
-0.1631437108033474
0.18167237416075901
-0.16791068488925928
0.12430463843201359
-0.058604750646821975
-0.017511514822963422
0.09051529282011002
-0.14743093008054683
0.17814227104827013
-0.17719069806533622
0.14474534321532684
-0.0865730268754002
0.013013266082938277
0.06285946580715512
-0.1275595891685466
0.16958733796292416
-0.1814727221324221
0.16110323971995363
-0.11209935186060056
0.04317098391574938
0.03343057209864874
-0.10409019573814214
0.15624888250639282
-0.18063597473633333
0.17291692342822595
-0.13446370871857083
0.07211098484924683
0.003058707697658381
-0.07768474714043916
0.13850314031536806
-0.1747040578743438
0.17985316769136522
-0.15303526968450076
0.09901696299909757
-0.027399433172285464
-0.049088057555585235
0.11685066264434639
-0.16384429215749755
0.18171632299919405
-0.16729018976845503
0.12312998582974533
-0.05708472270136991
-0.019106749140718735
0.09190219739806563
-0.14836299722543497
0.17845383563394662
-0.17682638276553092
0.1437699012406099
-0.08515983277145127
0.011413500229605402
0.0643614618650088
-0.12869685143829773
0.1701577300444103
-0.18137486283583373
0.1603545225054108
-0.11083285333366084
0.04161181086123797
0.03500529307867003
-0.10540057456147496
0.15706201312731422
-0.1808073317441737
0.1724160499181632
-0.13337962968594136
0.0706363839335029
0.004661735702103335
-0.07913128087569186
0.13953607363297496
-0.17513979774745203
0.1796142659431559
-0.15216418858657108
0.09766852804954805
-0.025813314492780064
-0.05062994406171152
0.11807426287708764
-0.16453212405237058
0.18174613167546944
-0.16665667704762446
0.12194575193099466
-0.05556025273759764
-0.020700496676622333
0.09328195065382519
-0.14928351958004424
0.17875151392623875
-0.17644830781174867
0.14278327188501452
-0.08374001199893993
0.009812846240625792
0.06585844966882906
-0.12982409922878385
0.17071488138969923
-0.18126288994763257
0.15959332738622048
-0.10955773040527549
0.040049399805078614
0.03657729013982476
-0.10670275169333925
0.157862922048511
-0.18096461932254107
0.17190175994190443
-0.13228517178606747
0.06915628648389384
0.0062644009559835595
-0.08057165705104573
0.14055814902281974
-0.1755619092073287
0.17936138760327486
-0.15128126691061303
0.09631249307375023
-0.024225187163491476
-0.05216789082479583
0.11928867522182611
-0.16520715296468177
0.18176179787003804
-0.16601019602323425
0.12075202888631227
-0.054031459381351905
-0.02229263341403144
0.09465444522259676
-0.15019242551440506
0.1790352827614577
-0.17605650262370645
0.14178553192258225
-0.08231367504051056
0.008211428670032531
0.06735031273122882
-0.13094124482387778
0.17125874864422286
-0.1811368121811211
0.1588197135940956
-0.10827408229893272
0.038483872324782314
0.038146440956886796
-0.1079966258071667
0.15865154694507874
-0.18110782523618468
0.17137409351247518
-0.13118042019318552
0.0676708076586682
0.007866578725894592
-0.0820057636196592
0.1415692868980896
-0.17597035949188702
0.17909455221902912
-0.15038657356209645
0.09494896327962953
-0.022635175244772408
-0.05370177891378773
0.12049380403057869
-0.16586932814343974
0.18176331761884923
-0.16535080124346177
0.11954890302741028
-0.052498471729584044
-0.02388305112554072
0.0960195500947231
-0.15108968172033352
0.17930506222622636
-0.17565108707319613
0.14077662084291523
-0.08088114640526904
0.00660904212136491
0.06883642490914098
-0.1320489896202345
0.17178807107081642
-0.1809985224999289
0.1580308307795526
-0.10698650737479269
0.03690839754496181
0.03970187745537401
-0.10929870470791675
0.15940215624843643
-0.18127661190708733
0.17077176870366817
-0.13016022702481106
0.06603355803755777
0.009241815143818428
-0.0837835957139432
0.1420291404912674
-0.17720254815739464
0.17752630738402964
-0.15148948687613864
0.09052768706029422
-0.025914683818731542
-0.0623152142750677
0.10947654047548858
-0.18180257047049816
0.1479245946166673
-0.18797556951869654
