[Reference only] Direct solution from numpy.linalg.solve() for N: 1299 and matrix C;	norm: 4.777400335200362e-15;	time: 0.039
0.07222211902080021
-0.326403966186592
0.13095183800723603
-0.431398608816136
0.12206004159913302
-0.22902488642506938
0.04474825749724999
0.13630469929616146
-0.062450782281281834
0.4018181463355494
-0.1403354556983525
0.37793931408956344
-0.13910621105253515
0.08462295726624361
-0.04984750787967087
-0.2651075490324086
0.08167959307568606
-0.42075609566101524
0.17434935102466667
-0.2747393312576103
0.16027301897337368
0.06306836762397453
0.034822715861127486
0.34842729095931624
-0.1289955024323042
0.3803278034802394
-0.2204694395930703
0.14320437030396813
-0.16593564127483715
-0.1873218227040805
0.012061177250613885
-0.37524942792077487
0.19860763594549
-0.2935909035035273
0.2597330069848405
-0.010102212026138799
0.13915123598128487
0.2684652439153463
-0.0918211648163076
0.34802819036789345
-0.27432537341364394
0.18285014200397912
-0.2714218106966771
-0.09996704594317996
-0.0713713266222719
-0.2986105739512775
0.1935396854165405
-0.28131827156978945
0.3340048159384334
-0.07336951770875842
0.23969253875130483
0.17079608878929942
-0.034004716505365455
0.28291805765083095
-0.2967338091711964
0.19711083366881804
-0.3559919062951985
-0.013515233355915552
-0.1589951606151892
-0.19824617112579235
0.16155013378874664
-0.23718534881846565
0.37671220960431984
-0.11827334298569382
0.32569636101592664
0.06590952773366764
0.036652740337220255
0.19037279380434075
-0.2872979678273866
0.18252160404985796
-0.41140239533840806
0.06201038449807625
-0.24036792462919024
-0.08394143076965743
0.10821017926627041
-0.16403528563085862
0.3848469925448225
-0.13870215076953196
0.38768733387802007
-0.03523847626636042
0.11065207871924931
0.07871900581117651
-0.24914844437838943
0.1390441058062293
-0.43236853710764234
0.11816800253296961
-0.30541543773555396
0.03319421554547678
0.041576345586758476
-0.06803230045175733
0.3590549969717665
-0.13160880735933175
0.4185219347027586
-0.12243028840940506
0.17790582880071176
-0.04163968634482449
-0.18853292172115688
0.07011883245728213
-0.4171299288130026
0.14904243211409743
-0.3455878799915251
0.14192299826756735
-0.02877187337398646
0.04197057090788908
0.30351899931118287
-0.09737374460831975
0.41419449204634406
-0.18729929763552813
0.22891991848724047
-0.1593277153906928
-0.11405953723918466
-0.017679239172990274
-0.3676308229040473
0.15189698226136417
-0.35485390659055077
0.2320836464449115
-0.09286595609053046
0.15536865180650214
0.2254529681695521
-0.03977423863805839
0.3743017815114794
-0.22422698080624495
0.2559135973111461
-0.26321142724162166
-0.03568029759406542
-0.11534431225795283
-0.28929550006976595
0.12745931014955228
-0.3304203203795632
0.2956717541517323
-0.14152510083546255
0.26094430328762186
0.13426537105000033
0.03443709494219216
0.3021137082405505
-0.23092499236758413
0.25375045978117344
-0.3435874850461802
0.03647006903355086
-0.21242485267477737
-0.19042405886550498
0.07980981249644849
-0.2730954135494045
0.32767630800638053
-0.16744222280039334
0.3480809549361679
0.040486094661142454
0.11629741537397187
0.20424142463841855
-0.20863842748281222
0.220574559742937
-0.3932143702628549
0.09324841057841209
-0.2981804157521446
-0.08127621270065959
0.015885925811170508
-0.18725382454603995
0.32658038796302036
-0.16605588435240468
0.40791770466979854
-0.04542225550188945
0.19565641633028513
0.08993907507719066
-0.1619490121185716
0.15807860791869444
-0.40807301645981414
0.12755792300817637
-0.3627810201138453
0.027054654716885885
-0.05534102260625393
-0.0804052556695173
0.2944716903565321
-0.13610894340758334
0.4343161350785707
-0.11423524507905894
0.26234161387614446
-0.029883823702811767
-0.09820191553233415
0.0713724746775883
-0.3877728155159531
0.13516435397517015
-0.398414812632263
0.1238517081073837
-0.12392287461402368
0.03758632079935459
0.23675219794031502
-0.07982996563457481
0.4245317757756626
-0.15898854947048324
0.30733480551806874
-0.14383013325111113
-0.026622120636303436
-0.03153494016011833
-0.33555878191198774
0.11518159036250135
-0.40017974717910854
0.19993450682993413
-0.18010569457646655
0.15554723299924883
0.1614811443562701
-0.002715911135239339
0.37951545302533063
-0.17573678168674542
0.32382684201811673
-0.24123371439295746
0.04277890853956193
-0.14058398429328467
-0.25792012369984074
0.07017190631143173
-0.36665890681225116
0.24863971038354504
-0.21548199677517477
0.2621871694535628
0.0784263710088121
0.08706048785049456
0.3038109416716333
-0.1639648112690965
0.3080312673404381
-0.3132940666911127
0.10038205541902531
-0.2447490495160572
-0.16384487359235428
0.005849612757136575
-0.30011426427043103
0.2665141459730918
-0.22399335239616985
0.34730875549372003
-0.0020683312832298754
0.179552932466655
0.205060265683378
-0.12660637506246755
0.2596642140521683
-0.35400160305810735
0.13809116546060612
-0.3332395685584511
-0.06380461285942744
-0.06957842389299512
-0.20627616748968683
0.2536441275778062
-0.20266930866103033
0.40289972359131393
-0.07027190059130291
0.26415265525609755
0.09317165721999765
-0.06966901798629865
0.1820351909271128
-0.3607516418703584
0.15028726054757968
-0.3966836454372528
0.0314167295244995
-0.1463609568029847
-0.09375090220198498
0.213585785328154
-0.15201810898159587
0.42398676355555714
-0.11817667515439315
0.3307840244490984
-0.02075730330381608
-0.0015087148066311854
0.0817368973198452
-0.3345800325703727
0.13449809543615132
-0.4281624406279079
0.11191884680165123
-0.2143321760796949
0.026888719720878376
0.15290593401522218
-0.07602377691338548
0.40915665179736627
-0.14040603882603653
0.37105050538092343
-0.12564167666437107
0.06816305819112424
-0.032032925328664856
-0.27999563100947084
0.09170689419857843
-0.4239798741908422
0.16977215649481547
-0.26409551968967104
0.14422943634430313
0.08038666253723473
0.018251661208162396
0.36068731186869674
-0.13481705304241193
0.379202101774253
-0.21160280892875077
0.12942693076408124
-0.1484433669181491
-0.2044298712598266
0.02626476590043512
-0.384081571557004
0.1998748779733533
-0.28812756329664807
0.24723579786024608
0.005984470908517629
0.12141764612851323
0.28427490652847737
-0.10273055336004853
0.3528151240127199
-0.27102128933170255
0.17332764465718206
-0.25618874867014985
-0.11736640035116595
-0.05458403652407295
-0.3120759769348899
0.20048496436256424
-0.28167684830065
0.3264258654265909
-0.06033779846101284
0.22277348148598605
0.18838804434512105
-0.0487632191407016
0.29310710658905215
-0.2993328016230213
0.19293741187038282
-0.34470535213750425
-0.029249370501658115
-0.14151119354373454
-0.2148548374726073
0.17336843389126427
-0.24335534322199215
0.3748743724303084
-0.10977386283067793
0.3114825293737144
0.08332166970983583
0.01971899689713055
0.204850347694785
-0.29547936755418547
0.18418976945740753
-0.40531159737357636
0.049706465389133994
-0.22415716219541784
-0.10185486521218348
0.12354882813112393
-0.17535457700310206
0.3889326604011544
-0.13570010980345926
0.3777713657578353
-0.019943445322572258
0.09346400279116594
0.0958923226877201
-0.2619671554112179
0.1463888545962046
-0.4321451777288539
0.11066997837641566
-0.29230960996196703
0.015957675520564898
0.05868737930719583
-0.08326048886937613
0.3685863400196597
-0.13444882424336715
0.4140199800682374
-0.11094820344825286
0.16241547764999134
-0.023664881306021287
-0.20452612132925913
0.08233550238640519
-0.422793181533167
0.14718261557300777
-0.3370749050397018
0.12726689751776676
-0.011835034034025088
0.024513996691655795
0.3174120758031892
-0.10574101007954036
0.41562101800559315
-0.18089505204229722
0.2168910462935828
-0.14253586359235626
-0.13141132601707253
-0.0019453433616932589
-0.3785453723487026
0.15587129761787433
-0.3519106322951601
0.2216209445332335
-0.07802957680207576
0.13761677710477643
0.24213962361015787
-0.05272968754002231
0.3815116454069389
-0.22359343477545243
0.24872324459275102
-0.24945565811262302
-0.052425831607286096
-0.0978465509704623
-0.30424274190915873
0.13680570073825543
-0.33340242205597115
0.29054495540051506
-0.13047850350389018
0.24486686991937434
0.15186925701319218
0.018351530717797226
0.314317996738488
-0.236106057741182
0.25223383594220045
-0.33438281365700745
0.02222385324917523
-0.19511908762725202
-0.2077385023323581
0.0934604884924762
-0.28169680209337716
0.32843031646451115
-0.1614477472780063
0.33546423432688804
0.05703307792886025
0.09889526607749649
0.2200952964448379
-0.2190249256774525
0.22493062109861256
-0.3895687163586209
0.08311022360491695
-0.283006019028123
-0.09903180772660984
0.032287585095457
-0.20054013380543592
0.3331023070988315
-0.1658067548045875
0.4001648071059898
-0.031782871683000195
0.1789031729189909
0.10769178163813482
-0.1763477468535324
0.16784693392873226
-0.41037495463097706
0.12267153162789049
-0.3514435863842026
0.010829132808632581
-0.03805248613283906
-0.09691768054386891
0.30600428751265096
-0.14165098324665265
0.43229011451078475
-0.10502347302122164
0.24813407400653972
-0.01219352808986561
-0.1149701983120182
0.08548405694972501
-0.3957486128270817
0.13608021412333626
-0.3921949181384585
0.11095233495322837
-0.10771276793807667
0.019668444547900427
0.2519795016517559
-0.09055594929797388
0.42845909885878963
-0.15522365814649672
0.2972880003318534
-0.12815506309808886
-0.04385265345996039
-0.014638663305824548
-0.34830351975501694
0.12179509170607708
-0.3997891851449367
0.1917816148353264
-0.16681953184422219
0.13820329682802812
0.17867656299300438
-0.017433200268276546
0.38896064237403877
-0.17782347227424602
0.31909243110288094
-0.22930031058300968
0.027043530370518255
-0.12277716242674708
-0.273999404164934
0.08173514951626898
-0.37216051407939676
0.24611947900038628
-0.2066378967054367
0.24733434109760413
0.09564671899096377
0.06999658993542497
0.3177252336683082
-0.17164836857381482
0.3091677666450911
-0.3064098324305005
0.08792927521076588
-0.22801199504047945
-0.18145570662983104
0.02105539836172529
-0.310914333467907
0.2698801028909007
-0.22061110922358243
0.3365879394286835
0.013235346172502853
0.1620550405480959
0.22189883533965854
-0.1390018051858519
0.2665736168814597
-0.35290946702376236
0.13033750867042684
-0.31943731875750975
-0.08097745433532431
-0.052449810172467554
-0.22119031055921748
0.2624895733742588
-0.20515531054826688
0.3974923907459399
-0.058607031591171685
0.24818700233878058
0.11106628494256979
-0.08536089061691983
0.1939731056696281
-0.3655475402285384
0.14811902374171942
-0.3873573076410205
0.01659742487110008
-0.1292486166412614
-0.11113600516158574
0.22689020711471664
-0.16011902059600916
0.4244831521099118
-0.11146013704517169
0.3181500114157835
-0.003789455632571193
-0.01871050467071411
0.09739509035233215
-0.3447029199243939
0.1381715462253044
-0.42435668817062283
0.10110026359873675
-0.1991767787369417
0.008951212802774349
0.16915018384947444
-0.08885419785427366
0.41549008858576686
-0.1393879533105548
0.36317880247262324
-0.11147655478928886
0.051408004087891146
-0.014380804494501083
-0.2942910175697253
0.10081917747994892
-0.4261259148092604
0.16414895659598056
-0.25262120918858677
0.12771942089221286
0.0977239725903515
0.00211063998015033
0.37214199963934425
-0.13960417098517108
0.37699392980036744
-0.20180001866265682
0.11502533835635803
-0.13074917999925684
-0.22127974845899215
0.03979878685055182
-0.39194869933895826
0.2000558591708401
-0.28164804532329457
0.23397355008628323
0.02244812264081231
0.10376001102295784
0.2995662955124094
-0.11277450519590337
0.35654073348500703
-0.2666501564840241
0.16292184796370604
-0.24041193743647407
-0.13487098227763294
-0.03814577385625645
-0.3247971395324554
0.2064254640826682
-0.2809474029137251
0.3178689572759717
-0.046613438844371045
0.2055677242342891
0.20580677881112808
-0.06292229609593648
0.30237484429478034
-0.30085340366573
0.18772052937536982
-0.33259407566704485
-0.04544027675444474
-0.12401654246640799
-0.23102336225997788
0.18437603332750238
-0.24848736592523352
0.3719551879131666
-0.10034372575073724
0.296651392817044
0.1009249818841878
0.0030514621791387915
0.21864979510044505
-0.30269184140861377
0.18477125168253858
-0.3982074384392974
0.036645478621339614
-0.20757713575907946
-0.11968151980213117
0.13836169764940698
-0.18580224652385569
0.3919546933507393
-0.13163372191917544
0.3669765749070282
-0.004114333055480872
0.0761790525097638
0.11270669453639645
-0.27403493604526113
0.1527254883580078
-0.43083328143603133
0.10219947392805932
-0.27851724735971195
-0.0015551311037474082
0.07561646576153933
-0.0978810797597615
0.37719086954928116
-0.13621011261870097
0.40847607138570574
-0.09864901684271624
0.14647598993342112
-0.005689647422719393
-0.2200704833580444
0.09373562207382645
-0.4274146028388494
0.14424392297240488
-0.3276349851239116
0.11200246103239095
0.005284068812634895
0.007332889521676532
0.33061893343862137
-0.11313608742153157
0.41595912407331226
-0.17348227462866725
0.20411107180797763
-0.12538424599821815
-0.14866661310085122
0.013255108809502775
-0.38858144345492096
0.15878127365196393
-0.3479038057980659
0.21028600591775384
-0.06266715952165278
0.11977733221326942
0.25845746825345656
-0.06492847511760565
0.38770849969065285
-0.2218729538297545
0.2405639617691569
-0.23502106867727407
-0.06943796095721229
-0.08053929709973054
-0.31857320599387495
0.14522158676623068
-0.3353034814536576
0.28437974056156945
-0.11862105496184544
0.22834858562183682
0.1694629900868066
0.0027222620945535365
0.3256981204498656
-0.24024358536942594
0.24963900767795402
-0.324256283153411
0.007377870022213085
-0.17763948108523336
-0.22476690003542546
0.10641879139733355
-0.2893207457936952
0.32809605643650497
-0.15444848722679708
0.32210271031505017
0.07392963319479064
0.08159786187527934
0.23540613456021411
-0.22852821041446325
0.2282200112734495
-0.3848613982942347
0.07210635387755264
-0.26731283704996067
-0.1168640725110362
0.048312612153744126
-0.21306208855272094
0.3386080056701526
-0.16447152339570592
0.3914465291245637
-0.017473424377959238
0.16189132963845848
0.12524338593986523
-0.19012254633356257
0.17667964894321936
-0.41159431121764967
0.11675059411914564
-0.339300474667605
-0.005827128666003617
-0.020782614847373284
-0.11296447318356567
0.31670652956009837
-0.14614733801582666
0.4291862203644885
-0.09489628236589565
0.2333335082423241
0.005660100584769449
-0.13144371860170173
0.09889594317493289
-0.4027421349312986
0.1359086369981832
-0.3849726482633437
0.09731645717427626
-0.09116124803515305
0.001865300752456798
0.2666553001864308
-0.1003938772438137
0.4313167406251808
-0.15040061285581793
0.28638013722670314
-0.11197053752486666
-0.0611506015316269
0.001872266923474313
-0.3602762695541198
0.12739016256788435
-0.3983117871463675
0.18266900389179846
-0.15287011801303527
0.12061031615540559
0.195661061787923
-0.03151962071002405
0.3974641110915205
-0.17882787813389636
0.313325362329698
-0.21656840675961436
0.010886140924872511
-0.1049981120596074
-0.2896034020540094
0.09246313421416531
-0.3766125307529591
0.2425238616463345
-0.19688301621985144
0.23189655775414406
0.1130203039282852
0.053235626448406265
0.3309312012867978
-0.17834681072482922
0.30921567583829157
-0.2985275015364072
0.07474720586243559
-0.21094196422472403
-0.19894113876970093
0.03570273776997655
-0.3208195991670471
0.27217550116248934
-0.21617260787259596
0.3250117470711835
0.029039185823184918
0.14449813993786464
0.2383417693789834
-0.15061969486732815
0.2724604428350964
-0.35073143517543415
0.12162903722696723
-0.3049785822615489
-0.0983887553112079
-0.03554020740130116
-0.23546464763206829
0.27038922956273653
-0.20655793759862803
0.391055036601847
-0.04615117740883718
0.23180693923251827
0.1289222337713552
-0.1005699374023155
0.2050690186221188
-0.3692913662429536
0.14487747304551865
-0.3771244506069717
0.0012025831369271698
-0.11199126410220392
-0.1282079530034176
0.23947955998642795
-0.1672308504041713
0.42389020931376403
-0.10375047652277522
0.3047925479168183
0.01350095546994463
-0.0357782946054704
0.11248620030647394
-0.35392538159465736
0.1407734921210801
-0.41949587222330836
0.08943360761477702
-0.1835285486029804
-0.009034859496930728
0.1849901773067189
-0.10090068548455314
0.4207968581350955
-0.137285939772949
0.35435559760528595
-0.09666380267034407
0.03442310398917169
0.003042707531148585
-0.3079384501149391
0.10898187490766453
-0.42718647857518627
0.15750021659888236
-0.24036142538483832
0.1108045622123038
0.11501309854465022
-0.013539476997250346
0.3827476345603701
-0.14333805808886715
0.37371274914852787
-0.19109711406539195
0.10005580827026153
-0.11291948106439037
-0.23780667601174296
0.052611594764291864
-0.3988214779897205
0.19914877551703944
-0.2741783894763853
0.21999552636383274
0.039225020517745235
0.08624519243987898
0.31428129633403196
-0.12191398320400668
0.3591919934719776
-0.26122728279565666
0.15167366498904766
-0.22415063004755137
-0.1524137350404257
-0.022119482107032514
-0.33672641745861037
0.21133731230736927
-0.27913407159651427
0.30836550825344866
-0.032249545757298284
0.18814062909815293
0.22298629349798726
-0.07642704479881775
0.31068721765793705
-0.3012884710745406
0.1814812134098967
-0.31970354432968856
-0.06202612955665042
-0.10657839732028279
-0.2466911277606673
0.1945296661830903
-0.25256318585808357
0.36796470735993037
-0.09001947313422501
0.28125949117316035
0.11865297530881157
-0.013285246737297253
0.23171986998477417
-0.30890659356289446
0.18426483625416157
-0.390116506665572
0.02287708652692174
-0.19069175423918985
-0.13735459435332484
0.15259097557879933
-0.1953397381586963
0.39390065130883745
-0.12651886912638882
0.35534434462301173
0.012189330124151129
0.058864320164604966
0.12909938565129125
-0.28530456505746027
0.1580306868584836
-0.4284375783901569
0.09278842755333143
-0.2640918179154919
-0.019278705279717392
0.09229772335178679
-0.11183951146603743
0.3848350478823301
-0.1368861157801661
0.40191179915137937
-0.08557863127183227
0.13014941653642878
0.012218838150934642
-0.23510565161552016
0.10427637802695497
-0.4309765350274408
0.1402369906440767
-0.31730515707701124
0.09618654890514636
0.022518865208749784
-0.009508295814363927
0.3430886943210958
-0.11953071575378624
0.41520818906723006
-0.16508809790701284
0.19063005268386754
-0.1079369554043787
-0.16575866927465552
0.027864606978487243
-0.3977009688845452
0.16061505312523816
-0.342849883347477
0.19812068176795633
-0.04683850445568829
0.10191744419785263
0.2743439839898433
-0.07632380243909494
0.3928695810112679
-0.21907086075192075
0.23146820505021012
-0.21996148710647295
-0.08665105931159892
-0.06348831494572672
-0.332232680076426
0.15267394590654187
-0.3361175304677501
0.2771982633894039
-0.10599908599085604
0.21145172948634267
0.1869794159989998
-0.0123906169467463
0.33621172396546833
-0.24332049213800405
0.24597719346169675
-0.31324542676617395
-0.008010709526442223
-0.1600526836243411
-0.2414449682583246
0.11863423346055785
-0.2959395206511004
0.3266735025054453
-0.14647211334573634
0.3080468368683727
0.09111149344492216
0.06447185930069013
0.2501167365402039
-0.2371107066957166
0.23043145401475043
-0.3791094495800122
0.06027911225460531
-0.25116093968731873
-0.13470585360679313
0.06389871017723431
-0.22477331469604472
0.3430752820971537
-0.16205610062328574
0.38179584718378756
-0.002548093415812687
0.1446866378387825
0.14252824684773022
-0.20321955343585335
0.1845442451251402
-0.41172571182887985
0.10981782087382748
-0.32639844436563875
-0.022851629744041427
-0.0035985352478490958
-0.12848580460549192
0.32653652618793055
-0.14958149574625335
0.4250162572107242
-0.08389169594270912
0.21799739640099616
0.023610336229259316
-0.14755837102752806
0.11155803569710065
-0.4087262017286736
0.13465018822337174
-0.3767762133455319
0.08299491939343455
-0.0743327506344118
-0.015756529290935233
0.2807227076817725
-0.10930666482349417
0.43309401127553115
-0.14453701973735508
0.27465398479275566
-0.09533689230592349
-0.0784487932244641
0.017935775452274875
-0.37143109059854373
0.1319451604465173
-0.3957540539218562
0.17263016721174015
-0.138311979030796
0.10283416553163244
0.21236913246514194
-0.04492166973776855
0.4049938725796268
-0.17874521636422122
0.30654890147501174
-0.20308518902710543
-0.005630547423778341
-0.08731393141573524
-0.304672562900068
0.10231443446444999
-0.37999901957460686
0.23786524797484
-0.1862558626813807
0.21593160733518746
0.1304803342316719
0.036841524207765645
0.34337914459095575
-0.18403350173521588
0.3081761512187972
-0.28967582426908267
0.06088707457983108
-0.19360356139457083
-0.21623467378765115
0.049735062687552824
-0.3297934714632848
0.27339023901119425
-0.21069602291097275
0.3126234057466214
0.0452825956136246
0.12694941971359133
0.25432722241763034
-0.16141453924670646
0.2773036090261177
-0.34747460114858353
0.11199975397463889
-0.28991823182164306
-0.11597252747294157
-0.018914988692817526
-0.24904603524294844
0.2773116348234493
-0.2068729953009132
0.38361148517739574
-0.03295194228967698
0.21507538993311312
0.14667244141697097
-0.11523688274810451
0.2152819694960143
-0.3719677623618045
0.1405755774446215
-0.36602406805242693
-0.01470970801157536
-0.09465575314189006
-0.14490300229847694
0.2513045479134616
-0.1733275045915084
0.42220968692102695
-0.0950769768215902
0.29076324332216097
0.031049163788572223
-0.05264567919065197
0.12695397817842594
-0.36221132950976714
0.14229441523660347
-0.41359873893761995
0.07696255828073993
-0.1674483305798118
-0.027002294906818377
0.20036430652836004
-0.11211816989555078
0.42505644374580004
-0.13410767979831584
0.3446154035504162
-0.08125863471913142
0.01727445346053663
0.02017237454404468
-0.32088515317868815
0.11616404797802266
-0.4271579638839466
0.14985031431511753
-0.22736418741876804
0.09354799280020588
0.13218702289965473
-0.02863969287566958
0.39246373003570917
-0.14600393374907802
0.36937210935739784
-0.17953357213398197
0.08457672124893945
-0.09502118513978516
-0.2539471036765665
0.06465429659322465
-0.40467436158762554
0.1971559722355782
-0.26574840930802474
0.2053537167368614
0.05625024562121
0.06893950473025487
0.32836398829136787
-0.13011340055488466
0.3607599721721327
-0.25477198533660067
0.13962722099508632
-0.2074659238757204
-0.16992745333457426
-0.006566531290451643
-0.3478191823475982
0.21520055907070254
-0.27624512208312546
0.29795054157705914
-0.017301666437177565
0.17055839867567088
0.23986149846941598
-0.08922505914147892
0.3180138140364936
-0.3006349970355077
0.17424439017060292
-0.3060821931098684
-0.07894359770764958
-0.08926372966172803
-0.2617994228530652
0.20378932248357481
-0.2555685985201818
0.3629170636001312
-0.07884105738653138
0.2653654985240617
0.1364386829019764
-0.02922777572760576
0.2440120858882831
-0.31409863034475244
0.18267345763725318
-0.38106914848097895
0.008453651085025047
-0.17356608773345295
-0.1548078723711913
0.16618107448463604
-0.2039319663624671
0.39476219352478575
-0.12037543298749225
0.34291924711271743
0.028906202351386877
0.041587010091118516
0.14500926761182767
-0.2957318621630046
0.16228506395336986
-0.4249669267625152
0.08247236582200487
-0.24908920026558487
-0.03714674334541728
0.10866621490625797
-0.12508374793508595
0.3914889952310021
-0.13647441703377244
0.39435264016712634
-0.07178589124851889
0.11349928283855062
0.02999365318747141
-0.24957320894931412
0.11391823525185246
-0.4334653556506485
0.13517652968848373
-0.30612584778339463
0.07987812400724752
0.03980234343638554
-0.025946402299091776
0.3547732872017085
-0.1249004508524917
0.41337174011772376
-0.15574339702430334
0.1765007183270531
-0.09025921059885772
-0.18262138522989757
0.041827896395359845
-0.4058693717216608
0.16136488362858947
-0.3367693108520462
0.18516998861628434
-0.030605190267004485
0.08410431557923788
0.28973829368099735
-0.08687193628796377
0.39697607159481724
-0.21519660246600628
0.22147200033540096
-0.20433312233494857
-0.10399873166413937
-0.04675838878315135
-0.34516950646187644
0.159133430850733
-0.33584274329439234
0.26902655096585604
-0.09266184328085832
0.19424002083118533
0.20435167193256523
-0.026928983741251758
0.3458197526886867
-0.24532373854576908
0.24126367947512917
-0.30139114654094185
-0.023882643136702384
-0.14242575117618045
-0.2577097557769951
0.13005916042042598
-0.30152923353894
0.32416677661063414
-0.13755002301975702
0.2933497116028939
0.10851330095146818
0.04758325882068952
0.26417218619283145
-0.24473834959508228
0.23155778308458813
-0.37233388317828187
0.047673951165036775
-0.2346121421347703
-0.1524899587177738
0.07898525687526937
-0.2356305284085676
0.3464858915497684
-0.15857051694105265
0.3712492886395089
0.012936590687144638
0.1273555815537697
0.1594817387866283
-0.21558749432898186
0.1914119065064083
-0.410767926338311
0.10189978233002649
-0.31278714464236296
-0.04018046462488755
0.013432954115952115
-0.14342384927624088
0.33545570994719875
-0.15194099612941647
0.41979608995459555
-0.07205108389008881
0.2021852576503673
0.04159008384376545
-0.16325141731586476
0.12342309697656516
-0.41367747790769516
0.13230957949627525
-0.36763753417898154
0.06804118156119118
-0.05729276682744582
-0.03313115647065097
0.2941271549837287
-0.11726075683804475
0.4337843358952661
-0.137654453855235
0.26215542916538137
-0.07831617526181958
-0.09568005466220825
0.03349149514500592
-0.38172515675188323
0.13544241044961425
-0.39212660166971974
0.1617021298252193
-0.12320196128445289
0.08494141613457859
0.22873631775925302
-0.05758845645702357
0.41152164867838004
-0.1775748499595305
0.2987901607916524
-0.18890070687048668
-0.02244245095493216
-0.06979135429934243
-0.3191493676656482
0.11125096897236743
-0.38230810268864085
0.23216008027135104
-0.1747982690058679
0.1994992851481952
0.147959685878272
0.02087680843301457
0.3550222501739142
-0.18868566401227635
0.30605449356566156
-0.27988724481462096
0.04640269537855761
-0.1760624108033243
-0.23327054371181852
0.06309815179609511
-0.3378029090158492
0.27351833408323306
-0.20420348700568003
0.2994692360519746
0.061903304854146315
0.10947603460743573
0.26979509030975984
-0.17134397209365404
0.2810860107385041
-0.34315016921278146
0.10148717422516468
-0.2743134301988392
-0.13366212199683933
-0.0026384407854912343
-0.2618839701116244
0.28322905257180214
-0.20610043642177886
0.37518939324874906
-0.01905976761927744
0.19805661605879488
0.1642502444103258
-0.1293045134360047
0.22457435266128337
-0.37356541055714954
0.13523028586853453
-0.3540983040104485
-0.031079748652326725
-0.07730837358839147
-0.1611608833057314
0.262323615274311
-0.17839819886582187
0.4194745777830509
-0.08553680027690774
0.2762683728154517
0.04842904428548697
-0.06839321623265456
0.13872172202880578
-0.3647357432058165
0.13137450491432848
-0.3797870366770466
